191807_5178_x5002_y23078_axon_0 0.0 0.0 0.0 0.0 0.0 0.0 0.0
191807_5178_x5002_y23078_axon_1 155.27068251518523 229.95786465033132 1622.505313074713 13580.959643551305 4950.512511090613 517.2273687686028 18300.654858209287
18869_3398_x6248_y7047_axon_0 0.0 0.0 0.0 0.0 0.0 0.0 0.0
18869_3398_x6248_y7047_axon_1 0.0 142.98029622931827 293.4770561183517 6164.519756475183 7168.309435736774 76.0455166331321 30159.803574779406
18869_3305_x6812_y6104_axon_0 0.0 0.0 0.0 0.0 0.0 0.0 0.0
18869_3305_x6812_y6104_axon_1 0.0 0.0 0.0 0.0 0.0 0.0 14515.560017802549
18867_5942_x29015_y5711_axon_0 0.0 0.0 0.0 0.0 0.0 0.0 0.0
18867_5942_x29015_y5711_axon_1 0.0 0.0 0.0 0.0 3878.4117318170297 357.6939797308387 2688.0380035246308
18453_4725_x30684_y6703_axon_0 0.0 0.0 0.0 0.0 0.0 0.0 0.0
18453_4725_x30684_y6703_axon_1 4299.205657515147 11359.19884520615 1221.5724022968293 11375.879431843849 519.1672506607431 73.99906080485142 924.9085489125179
18867_4984_x30860_y8156_axon_0 0.0 0.0 0.0 0.0 0.0 0.0 0.0
18867_4984_x30860_y8156_axon_1 0.0 0.0 0.0 2221.7871497557 4395.803193963012 13.688265047112392 1616.1650584961199
18453_3471_x28224_y8289_axon_0 0.0 0.0 0.0 0.0 0.0 0.0 0.0
18453_3471_x28224_y8289_axon_1 499.74450089694164 1874.1954064699912 0.0 0.0 0.0 0.0 0.0
18453_3471_x28224_y8289_axon_2 720.5625273896793 3037.7736450846514 399.12147786682283 0.0 0.0 0.0 0.0
191801_4180_x7440_y5386_axon_0 0.0 0.0 0.0 0.0 0.0 0.0 0.0
191801_4180_x7440_y5386_axon_1 2224.6329709585443 3029.0383542363334 2772.6952002940634 5632.2489898107415 1968.5441730156642 755.5644488313887 1169.596890869443
18868_5156_x9540_y6495_axon_0 0.0 0.0 0.0 0.0 0.0 0.0 0.0
18868_5156_x9540_y6495_axon_1 155.6948194340145 383.5866704322458 524.1590437169015 8894.196589672021 2173.77674744402 72.59899586082419 2851.486376876041
18868_4739_x28536_y7468_axon_0 0.0 0.0 0.0 0.0 0.0 0.0 0.0
18868_4739_x28536_y7468_axon_1 0.0 0.0 0.0 0.0 0.0 0.0 21525.57931218156
18453_3316_x8214_y11076_axon_0 0.0 0.0 0.0 0.0 0.0 0.0 0.0
18453_3316_x8214_y11076_axon_1 0.0 6938.844118149323 6112.778089429993 7962.931751234815 3107.220978819835 227.116438732945 906.5599965107714
18867_4202_x26848_y7080_axon_0 0.0 0.0 0.0 0.0 0.0 0.0 0.0
18867_4202_x26848_y7080_axon_1 324.0241685018638 1913.4955590223449 689.5644067063308 6460.330695312972 2383.771742811972 0.0 2196.158247002279
18867_4202_x26848_y7080_axon_2 0.0 0.0 0.0 0.0 0.0 0.0 8846.712007361297
18869_3064_x20999_y7621_axon_0 0.0 0.0 0.0 0.0 0.0 0.0 0.0
18869_3064_x20999_y7621_axon_1 0.0 0.0 129.22751192881358 3102.096159804984 554.1618984185247 0.0 2231.446490648068
17543_4926_x5833_y20277_axon_0 0.0 0.0 0.0 0.0 0.0 0.0 0.0
17543_4926_x5833_y20277_axon_1 0.0 563.6698787407136 2087.4597425482593 898.2170695866431 415.89149501278644 74.13416351453482 437.61282421231687
18869_5393_x8284_y3671_axon_0 0.0 0.0 0.0 0.0 0.0 0.0 0.0
18869_5393_x8284_y3671_axon_1 0.0 0.0 0.0 0.0 0.0 0.0 46577.57808760643
18868_3932_x25373_y7132_axon_0 0.0 0.0 0.0 0.0 0.0 0.0 0.0
18868_3932_x25373_y7132_axon_1 0.0 0.0 0.0 0.0 0.0 0.0 8487.72868478245
18868_3932_x25373_y7132_axon_2 0.0 0.0 0.0 0.0 0.0 0.0 18824.607426592604
18868_4549_x5910_y9879_axon_0 0.0 0.0 0.0 0.0 0.0 0.0 0.0
18868_4549_x5910_y9879_axon_1 0.0 0.0 0.0 0.0 0.0 0.0 14944.43204081521
18868_5141_x8535_y6876_axon_0 0.0 0.0 0.0 0.0 0.0 0.0 0.0
18868_5141_x8535_y6876_axon_1 0.0 0.0 0.0 0.0 0.0 0.0 24191.864743576647
18868_4041_x10632_y7193_axon_0 0.0 0.0 0.0 0.0 0.0 0.0 0.0
18868_4041_x10632_y7193_axon_1 0.0 1267.41059537034 318.98062672149183 4424.200459785029 779.4523521645149 76.59833222727472 1917.7261323295766
18868_4041_x10632_y7193_axon_2 0.0 0.0 0.0 0.0 0.0 0.0 4545.7464474238795
18869_4469_x21852_y5924_axon_0 0.0 0.0 0.0 0.0 0.0 0.0 0.0
18869_4469_x21852_y5924_axon_1 0.0 0.0 0.0 0.0 0.0 0.0 18757.12511904343
18867_6408_x9343_y6158_axon_0 0.0 0.0 0.0 0.0 0.0 0.0 0.0
18867_6408_x9343_y6158_axon_1 0.0 0.0 0.0 0.0 0.0 0.0 37100.10671142578
18869_5108_x7688_y4065_axon_0 0.0 0.0 0.0 0.0 0.0 0.0 0.0
18869_5108_x7688_y4065_axon_1 0.0 71.3816657132632 231.8296909888103 2018.638944012464 12655.780636629923 403.9506730200034 3808.14166465606
18867_5287_x32054_y8614_axon_0 0.0 0.0 0.0 0.0 0.0 0.0 0.0
18867_5287_x32054_y8614_axon_1 418.9641170356483 765.3700465725166 150.28176949866514 7912.3509818255425 1349.1913453166699 908.7271717150984 16587.41184344036
18869_4837_x18229_y3163_axon_0 0.0 48.76028635067715 0.0 0.0 0.0 0.0 0.0
18869_4837_x18229_y3163_axon_1 0.0 21058.525547390294 4633.503776815616 1441.230289690677 1881.8969150591624 77.89688055371684 363.75311498486684
18867_3801_x9223_y10977_axon_0 0.0 0.0 0.0 0.0 0.0 0.0 0.0
18867_3801_x9223_y10977_axon_1 445.27197397541636 628.884776287775 591.3580534453245 5047.327823907431 1238.0695318846022 153.78116897221452 5469.340217599858
18868_3627_x28035_y8749_axon_0 0.0 0.0 0.0 0.0 0.0 0.0 0.0
18868_3627_x28035_y8749_axon_1 0.0 0.0 3141.8843423958147 3708.248926498237 457.7105009909849 59.39294318351287 1205.674561070064
18864_00021_axon_0 0.0 0.0 0.0 0.0 0.0 0.0 0.0
18864_00021_axon_1 531.3945052198535 13426.464281535871 3882.5317541973036 16566.360216886533 6659.832017695886 78.53087609341966 3258.7459485327645
18864_00021_axon_2 2300.1169286741656 11771.638421806398 2275.6884649374692 3141.857657644696 2828.4129604939208 148.9488622863966 5610.578565577774
18869_4625_x5853_y5391_axon_0 0.0 0.0 0.0 0.0 0.0 0.0 0.0
18869_4625_x5853_y5391_axon_1 0.0 0.0 0.0 2286.282612127431 2578.34038539571 0.0 9079.414539447429
18453_4497_x29287_y7176_axon_0 0.0 0.0 0.0 0.0 0.0 0.0 0.0
18453_4497_x29287_y7176_axon_1 0.0 2310.65716832044 1181.466658798937 756.7500878620514 739.8588423998746 0.0 70.38281466380826
18868_3977_x25824_y7160_axon_0 0.0 0.0 0.0 0.0 0.0 0.0 0.0
18868_3977_x25824_y7160_axon_1 308.5931723448863 824.4941160243335 311.5951177335196 1959.2816562296937 456.1298810948949 0.0 2092.766538979675
18868_3977_x25824_y7160_axon_2 0.0 0.0 0.0 0.0 0.0 0.0 7247.451950587314
182725_4390_x5078_y18459_axon_0 0.0 0.0 0.0 0.0 0.0 0.0 0.0
182725_4390_x5078_y18459_axon_1 2162.400350920022 2474.9440223876686 0.0 10121.874762782762 517.2336044657 69.85118037656905 587.289149957862
182725_4390_x5078_y18459_axon_2 0.0 0.0 0.0 0.0 1270.362740484191 355.49397337991303 17512.479823108348
18868_3715_x8453_y8977_axon_0 0.0 0.0 0.0 0.0 0.0 0.0 0.0
18868_3715_x8453_y8977_axon_1 0.0 1026.1831880130524 1500.7097665960125 9044.764430971252 3744.942221564923 0.0 7482.046570011771
18869_5754_x7159_y3959_axon_0 0.0 0.0 0.0 0.0 0.0 0.0 0.0
18869_5754_x7159_y3959_axon_1 0.0 0.0 0.0 0.0 0.0 0.0 17365.649373659264
18868_4803_x7002_y8311_axon_0 0.0 0.0 0.0 0.0 0.0 0.0 0.0
18868_4803_x7002_y8311_axon_1 0.0 0.0 0.0 3137.527180823262 3705.9408617378976 74.21184002569912 1408.8461642883601
18869_3263_x6927_y6229_axon_0 0.0 0.0 0.0 0.0 0.0 0.0 0.0
18869_3263_x6927_y6229_axon_1 0.0 0.0 0.0 1752.2160898110367 7027.142747242584 153.86877543685972 24021.48010288096
191807_5031_x5620_y23074_axon_0 0.0 0.0 0.0 0.0 0.0 0.0 0.0
191807_5031_x5620_y23074_axon_1 0.0 0.0 0.0 0.0 0.0 0.0 13946.428896483434
18869_4550_x17965_y4177_axon_0 0.0 0.0 0.0 0.0 0.0 0.0 0.0
18869_4550_x17965_y4177_axon_1 0.0 0.0 0.0 5488.847129801507 3695.442455116088 77.78812120111941 161.02356339641312
18869_4550_x17965_y4177_axon_2 0.0 0.0 238.5511745321826 4512.352334311772 3708.799483701288 77.34308824969443 227.58324461818927
18867_4156_x9348_y9148_axon_0 0.0 0.0 0.0 0.0 0.0 0.0 0.0
18867_4156_x9348_y9148_axon_1 0.0 0.0 0.0 0.0 0.0 0.0 17324.022509948045
18867_4922_x30354_y7405_axon_0 0.0 0.0 0.0 0.0 0.0 0.0 0.0
18867_4922_x30354_y7405_axon_1 0.0 0.0 0.0 6336.164263108398 1458.5547477960304 0.0 10053.193596033965
18453_5317_x24548_y3717_axon_0 0.0 0.0 0.0 0.0 0.0 0.0 0.0
18453_5317_x24548_y3717_axon_1 829.9969170162369 7413.2622244770355 560.1020443538495 9515.264774901414 368.44450290407354 0.0 0.0
191812_4445_x5426_y10324_axon_0 0.0 0.0 0.0 0.0 0.0 0.0 0.0
191812_4445_x5426_y10324_axon_1 29900.316131998203 13141.694886199211 7066.1153768536415 3375.2064424571836 3232.4875406480173 75.69019157063897 5625.011780698609
191812_4445_x5426_y10324_axon_2 904.8161496918635 1620.2795768763706 825.6294068580272 2371.401487898962 1715.1546632755226 0.0 2837.446193267065
18869_4054_x19963_y5080_axon_0 0.0 0.0 0.0 0.0 0.0 0.0 0.0
18869_4054_x19963_y5080_axon_1 0.0 0.0 0.0 0.0 0.0 0.0 27980.68302437852
18869_3701_x5589_y7633_axon_0 0.0 0.0 0.0 0.0 0.0 0.0 0.0
18869_3701_x5589_y7633_axon_1 0.0 0.0 0.0 0.0 0.0 0.0 10607.29254588279
18869_4371_x21382_y5522_axon_0 0.0 0.0 0.0 0.0 0.0 0.0 0.0
18869_4371_x21382_y5522_axon_1 0.0 0.0 0.0 0.0 0.0 0.0 9067.410760337187
18868_3552_x28542_y9340_axon_0 0.0 0.0 0.0 0.0 0.0 0.0 0.0
18868_3552_x28542_y9340_axon_1 0.0 0.0 0.0 0.0 0.0 0.0 8909.294766969124
18453_4899_x10111_y5917_axon_0 0.0 0.0 0.0 0.0 0.0 0.0 0.0
18453_4899_x10111_y5917_axon_1 0.0 4750.845766933599 1448.7989744282124 301.00799388998644 227.49936336203658 0.0 0.0
18867_5408_x30554_y7318_axon_0 0.0 0.0 0.0 0.0 0.0 0.0 0.0
18867_5408_x30554_y7318_axon_1 0.0 0.0 0.0 746.4835286086142 4285.133500965564 2.6720404188557274 1847.512474243773
18869_5213_x7186_y4274_axon_0 0.0 0.0 0.0 0.0 0.0 0.0 0.0
18869_5213_x7186_y4274_axon_1 0.0 0.0 0.0 0.0 0.0 0.0 19980.59136231718
18868_3564_x27379_y8431_axon_0 0.0 0.0 0.0 0.0 0.0 0.0 0.0
18868_3564_x27379_y8431_axon_1 0.0 2646.6167534205065 3490.287985106072 7601.333682915012 3912.906735502187 68.36328254260486 22323.118057991232
18868_3564_x27379_y8431_axon_2 0.0 0.0 0.0 0.0 0.0 0.0 4026.3114389924194
18867_3994_x27846_y7437_axon_0 0.0 0.0 0.0 0.0 0.0 0.0 0.0
18867_3994_x27846_y7437_axon_1 1934.8146966154918 4740.1642166262245 3353.8572220310275 13059.603006004374 1762.7637510839224 0.0 3301.994901641235
18867_3994_x27846_y7437_axon_2 0.0 0.0 0.0 0.0 0.0 0.0 15390.925326828383
182725_5012_x5980_y10427_axon_0 0.0 0.0 0.0 0.0 0.0 0.0 0.0
182725_5012_x5980_y10427_axon_1 785.3979426083126 4415.940972775078 3478.5797174506006 13906.211933143537 3142.185949703962 368.45810488976247 5678.209189707085
182725_5012_x5980_y10427_axon_2 0.0 0.0 0.0 0.0 0.0 0.0 21190.952380562176
18869_5033_x23046_y6158_axon_0 0.0 0.0 0.0 0.0 0.0 0.0 0.0
18869_5033_x23046_y6158_axon_1 319.0358701918262 372.60341020345277 233.26593845898782 3287.624895803632 3401.3794932577543 0.0 16856.494101164033
18453_4386_x31552_y9254_axon_0 0.0 1.0 0.0 0.0 0.0 0.0 0.0
18453_4386_x31552_y9254_axon_1 0.0 3848.390618314946 3928.2718775938483 1780.338455012931 1120.1771044698226 0.0 0.0
191812_3915_x8011_y24180_axon_0 0.0 0.0 0.0 0.0 0.0 0.0 0.0
191812_3915_x8011_y24180_axon_1 2608.720205049234 3983.784096672542 224.84776968330658 8030.237475179618 13448.496317878205 229.63141656951063 12575.044688094127
182724_3848_x8903_y23965_axon_0 0.0 0.0 0.0 0.0 0.0 0.0 0.0
182724_3848_x8903_y23965_axon_1 1429.6980163254489 7672.64342241593 4791.59728711804 1955.4851189759647 937.7973123539941 0.0 28831.13338010089
18869_3239_x6605_y6691_axon_0 0.0 0.0 0.0 0.0 0.0 0.0 0.0
18869_3239_x6605_y6691_axon_1 0.0 0.0 0.0 0.0 0.0 0.0 16198.215698431814
18867_4259_x9977_y8313_axon_0 0.0 0.0 0.0 0.0 0.0 0.0 0.0
18867_4259_x9977_y8313_axon_1 0.0 141.96405956099917 597.5935697618276 1997.7059346175834 609.7036353273892 225.48380174767766 1509.9534132991278
18867_4689_x11723_y7039_axon_0 0.0 0.0 0.0 0.0 0.0 0.0 0.0
18867_4689_x11723_y7039_axon_1 0.0 0.0 0.0 0.0 0.0 0.0 24099.704097240025
18867_4689_x11723_y7039_axon_2 591.1109679671864 593.8304897830961 291.1705968625076 7011.229584428695 5416.278565082859 77.77335854905607 1477.68640515027
18453_3350_x8925_y9653_axon_0 0.0 0.0 0.0 0.0 0.0 0.0 0.0
18453_3350_x8925_y9653_axon_1 523.0885053904162 4725.4648891733395 1551.8435529694289 2182.810474197402 2155.9503978044045 0.0 295.04084921231265
18869_4953_x22613_y6076_axon_0 0.0 0.0 0.0 0.0 0.0 0.0 0.0
18869_4953_x22613_y6076_axon_1 357.43247472025024 1021.8570805013001 307.23052380499604 1124.4919064399483 9663.145490774546 300.69373458833684 27098.461713986017
18453_3678_x8938_y8684_axon_0 0.0 0.0 0.0 0.0 0.0 0.0 0.0
18453_3678_x8938_y8684_axon_1 0.0 2082.422488104271 2132.759245717863 882.8770177273719 0.0 0.0 0.0
18867_4296_x31171_y9797_axon_0 0.0 0.0 0.0 0.0 0.0 0.0 0.0
18867_4296_x31171_y9797_axon_1 0.0 0.0 0.0 5964.848384186874 15566.370878097865 153.59138164761063 10334.992513508818
18867_4457_x7592_y10554_axon_0 0.0 0.0 0.0 0.0 0.0 0.0 0.0
18867_4457_x7592_y10554_axon_1 0.0 0.0 0.0 0.0 3457.019855270085 130.88587875295494 15967.882984009855
182724_5355_x5321_y20589_axon_0 0.0 0.0 0.0 0.0 0.0 0.0 0.0
182724_5355_x5321_y20589_axon_1 0.0 0.0 0.0 0.0 0.0 0.0 7868.689355801889
182724_5355_x5321_y20589_axon_2 0.0 0.0 124.38767885768397 2564.2770779497405 912.0176542589339 0.0 600.534221920624
18867_4052_x9852_y8712_axon_0 0.0 0.0 0.0 0.0 0.0 0.0 0.0
18867_4052_x9852_y8712_axon_1 0.0 0.0 0.0 0.0 0.0 0.0 12347.968553293093
18864_00015_axon_0 0.0 0.0 0.0 0.0 0.0 0.0 0.0
18864_00015_axon_1 360.48063772404606 723.9830387588796 153.30950783592306 382.68464745019963 606.7802126532515 150.3820314221733 4724.834163004573
182724_4785_x5002_y11122_axon_0 0.0 0.0 0.0 0.0 0.0 0.0 0.0
182724_4785_x5002_y11122_axon_1 148.34821542304599 307.8434467820364 1613.5618583889418 19149.351140358758 5879.706942589428 75.21968957659945 36187.70905549947
182724_4785_x5002_y11122_axon_2 0.0 0.0 0.0 0.0 0.0 0.0 24773.946794293523
191812_4067_x7961_y6860_axon_0 0.0 0.0 0.0 0.0 0.0 0.0 0.0
191812_4067_x7961_y6860_axon_1 2085.2763109926723 10073.847215900147 15492.922740849419 5045.832304969869 2581.294178261417 809.1734435458272 47728.216573625024
18867_4336_x10280_y7972_axon_0 0.0 0.0 0.0 0.0 0.0 0.0 0.0
18867_4336_x10280_y7972_axon_1 0.0 215.23633483040985 383.1640235140995 4062.0780834920256 441.79497584147214 204.79096303477866 27634.381484995785
191807_5629_x4661_y9410_axon_0 0.0 0.0 0.0 0.0 0.0 0.0 0.0
191807_5629_x4661_y9410_axon_1 0.0 0.0 0.0 0.0 0.0 0.0 9891.643171556032
18453_3690_x8282_y9898_axon_0 0.0 0.0 0.0 0.0 0.0 0.0 0.0
18453_3690_x8282_y9898_axon_1 0.0 3538.14582521349 832.8020852532202 616.5528029565929 0.0 0.0 0.0
18869_5237_x7485_y4162_axon_0 0.0 0.0 0.0 0.0 0.0 0.0 0.0
18869_5237_x7485_y4162_axon_1 0.0 286.00619837416434 309.06138002521055 800.3738444507081 9215.811549154672 230.7308806506938 2044.026829231797
18868_5242_x9858_y5968_axon_0 0.0 0.0 0.0 0.0 0.0 0.0 0.0
18868_5242_x9858_y5968_axon_1 230.82596324523035 305.7294237657453 391.3469424044497 4715.231788853308 429.7313303380521 153.24879789855498 2357.3300021337773
18867_4824_x31628_y8902_axon_0 0.0 0.0 0.0 0.0 0.0 0.0 0.0
18867_4824_x31628_y8902_axon_1 0.0 0.0 0.0 5116.693213142697 2047.4931682851145 448.0997519661737 4963.931278754764
18869_3751_x5868_y6832_axon_0 0.0 0.0 0.0 0.0 0.0 0.0 0.0
18869_3751_x5868_y6832_axon_1 764.5660584648426 637.7081042815031 536.3386557078948 7464.841775234298 10821.643757498154 392.69455365710064 22957.755745433526
191812_4775_x5212_y22490_axon_0 0.0 0.0 0.0 0.0 0.0 0.0 0.0
191812_4775_x5212_y22490_axon_1 2003.9014284564973 4789.955025682517 509.2425655190929 9093.581115816783 5722.842795416004 607.9403458386014 10272.847910444023
18867_4397_x8352_y9768_axon_0 0.0 0.0 0.0 0.0 0.0 0.0 0.0
18867_4397_x8352_y9768_axon_1 0.0 0.0 639.0524983361463 4699.652923335937 602.0764077359687 75.9249491274105 1147.7990797146776
18868_3856_x26025_y7205_axon_0 0.0 0.0 0.0 0.0 0.0 0.0 0.0
18868_3856_x26025_y7205_axon_1 0.0 0.0 0.0 0.0 0.0 0.0 4911.641244484029
18868_3856_x26025_y7205_axon_2 0.0 74.03094353039118 325.2443977639977 1895.2421412989727 432.6140058204544 63.2275074631287 1964.152667349231
18868_5131_x7596_y7239_axon_0 0.0 0.0 0.0 0.0 0.0 0.0 0.0
18868_5131_x7596_y7239_axon_1 201.394031171388 309.4144945219739 2329.7377184280467 7033.557209271268 1060.5028663147687 72.02707824145043 3506.2668042599153
18869_3395_x6415_y6741_axon_0 0.0 0.0 0.0 0.0 0.0 0.0 0.0
18869_3395_x6415_y6741_axon_1 0.0 0.0 0.0 0.0 0.0 0.0 20473.733751271633
18868_3228_x28576_y10788_axon_0 0.0 0.0 0.0 0.0 0.0 0.0 0.0
18868_3228_x28576_y10788_axon_1 0.0 0.0 0.0 0.0 0.0 0.0 21017.336490858503
182724_3887_x5901_y10339_axon_0 0.0 0.0 0.0 0.0 0.0 0.0 0.0
182724_3887_x5901_y10339_axon_1 0.0 0.0 0.0 0.0 0.0 0.0 3225.2246224864216
182724_3887_x5901_y10339_axon_2 0.0 0.0 0.0 0.0 0.0 0.0 24073.2203827845
18869_4181_x21056_y5611_axon_0 0.0 0.0 0.0 0.0 0.0 0.0 0.0
18869_4181_x21056_y5611_axon_1 0.0 0.0 0.0 0.0 0.0 0.0 24168.32253513826
191812_4322_x7645_y6848_axon_0 0.0 0.0 0.0 0.0 0.0 0.0 0.0
191812_4322_x7645_y6848_axon_1 0.0 0.0 0.0 2035.8906527421386 2731.3417195277516 572.0757769946733 4409.478470779087
18867_4473_x25161_y6054_axon_0 0.0 0.0 0.0 0.0 0.0 0.0 0.0
18867_4473_x25161_y6054_axon_1 185.3160564104005 785.0636914165327 154.22685152742895 6300.00157515267 1609.9045780945098 76.48336681919824 9775.434328178962
18867_4473_x25161_y6054_axon_2 0.0 0.0 0.0 0.0 0.0 0.0 15645.546549681341
191812_5411_x6011_y24641_axon_0 0.0 0.0 0.0 0.0 0.0 0.0 0.0
191812_5411_x6011_y24641_axon_1 1558.7415954436394 1006.4178770993043 0.0 1051.0246486457038 2732.427606070745 320.2185668401982 17773.32090570405
18868_3207_x27726_y9448_axon_0 0.0 0.0 0.0 0.0 0.0 0.0 0.0
18868_3207_x27726_y9448_axon_1 146.73833732901272 8369.540263567666 1354.910275342997 5488.194930510238 1266.1220629672416 122.55373562022986 5718.089846604554
18867_5894_x10157_y6463_axon_0 0.0 0.0 0.0 0.0 0.0 0.0 0.0
18867_5894_x10157_y6463_axon_1 0.0 0.0 0.0 0.0 0.0 0.0 20741.871210422752
18867_4954_x9860_y7599_axon_0 0.0 0.0 0.0 0.0 0.0 0.0 0.0
18867_4954_x9860_y7599_axon_1 0.0 476.18271989002665 1101.1051146547877 16947.181908085746 5288.167748821549 0.0 35616.75089183959
18864_4420_x4377_y8261_axon_0 0.0 0.0 0.0 0.0 0.0 0.0 0.0
18864_4420_x4377_y8261_axon_1 67.13817170581856 8239.643049819908 10613.907284942674 5385.049782975954 5045.486072481336 220.938967232704 3635.5668123957466
18864_4420_x4377_y8261_axon_2 0.0 2652.7385457077353 1928.2680167546696 630.1484874335202 1375.013965027366 114.887775501699 931.5418769852365
18867_4776_x28359_y6621_axon_0 0.0 0.0 0.0 0.0 0.0 0.0 0.0
18867_4776_x28359_y6621_axon_1 0.0 0.0 0.0 0.0 0.0 0.0 29309.71269164931
182724_4580_x5627_y9427_axon_0 0.0 0.0 0.0 0.0 0.0 0.0 0.0
182724_4580_x5627_y9427_axon_1 0.0 0.0 0.0 0.0 0.0 0.0 17456.749250946243
18864_00040_axon_0 0.0 0.0 0.0 0.0 0.0 0.0 0.0
18864_00040_axon_1 0.0 6971.271584218471 0.0 3369.1721057283944 67.678918431074 0.0 0.0
18868_3922_x26631_y7518_axon_0 0.0 0.0 0.0 0.0 0.0 0.0 0.0
18868_3922_x26631_y7518_axon_1 0.0 0.0 0.0 0.0 0.0 0.0 22355.528212950674
18868_3922_x26631_y7518_axon_2 0.0 201.19157457345955 458.5324013463581 8066.476257335994 1536.1246446297107 0.0 1261.9497375445094
18453_5308_x10321_y5166_axon_0 0.0 0.0 0.0 0.0 0.0 0.0 0.0
18453_5308_x10321_y5166_axon_1 0.0 2598.190008005982 8726.00476350739 1072.2472259667272 0.0 0.0 0.0
18864_3772_x5344_y6871_axon_0 0.0 0.0 0.0 0.0 0.0 0.0 0.0
18864_3772_x5344_y6871_axon_1 0.0 5347.842555317535 2346.222178596859 756.7830509864555 0.0 0.0 0.0
18869_3634_x5750_y7170_axon_0 0.0 0.0 0.0 0.0 0.0 0.0 0.0
18869_3634_x5750_y7170_axon_1 0.0 0.0 0.0 0.0 73.95237770846947 0.0 14502.676387337691
18869_3506_x6250_y6810_axon_0 0.0 0.0 0.0 0.0 0.0 0.0 0.0
18869_3506_x6250_y6810_axon_1 0.0 0.0 0.0 0.0 377.445694133639 0.0 22242.382424821088
18869_3937_x5000_y8198_axon_0 0.0 0.0 0.0 0.0 0.0 0.0 0.0
18869_3937_x5000_y8198_axon_1 0.0 0.0 201.09299598470955 4648.376934326455 1321.4538858233248 79.01278757264525 13844.040068294196
18867_4647_x12409_y6656_axon_0 0.0 0.0 0.0 0.0 0.0 0.0 0.0
18867_4647_x12409_y6656_axon_1 0.0 0.0 0.0 0.0 0.0 0.0 12435.640480202894
18867_4647_x12409_y6656_axon_2 0.0 0.0 0.0 6112.564391490967 2990.0207021610513 75.94994338378434 5532.577471375838
18869_4196_x21043_y5510_axon_0 0.0 0.0 0.0 0.0 0.0 0.0 0.0
18869_4196_x21043_y5510_axon_1 0.0 0.0 0.0 151.83236952698434 4646.662496100537 146.17013522628517 3515.0025091475277
18869_3547_x21769_y7449_axon_0 0.0 0.0 0.0 0.0 0.0 0.0 0.0
18869_3547_x21769_y7449_axon_1 0.0 0.0 0.0 0.0 0.0 0.0 31149.70229087984
17788_3709_x6000_y8213_axon_0 0.0 0.0 0.0 0.0 0.0 0.0 0.0
17788_3709_x6000_y8213_axon_1 2010.6879511371512 1067.9473767588554 221.4044376167547 386.8983472361639 0.0 0.0 1910.0717933687135
18867_4768_x26326_y6150_axon_0 0.0 0.0 0.0 0.0 0.0 0.0 0.0
18867_4768_x26326_y6150_axon_1 0.0 0.0 537.7858808795892 6261.439562916938 6055.3237650999545 72.39850550943717 35242.04745122674
18867_4768_x26326_y6150_axon_2 0.0 0.0 0.0 0.0 0.0 0.0 15220.477548342526
18864_5648_x4839_y28849_axon_0 0.0 0.0 0.0 0.0 0.0 0.0 0.0
18864_5648_x4839_y28849_axon_1 0.0 0.0 0.0 0.0 0.0 0.0 5004.885118782015
18867_4889_x28329_y6770_axon_0 0.0 0.0 0.0 0.0 0.0 0.0 0.0
18867_4889_x28329_y6770_axon_1 0.0 0.0 0.0 0.0 12.404758404224024 78.17459050100618 15093.949064078595
18453_4403_x30609_y7732_axon_0 0.0 0.0 0.0 0.0 0.0 0.0 0.0
18453_4403_x30609_y7732_axon_1 326.169543992768 11575.718288622862 3601.2233527104113 1748.4168642152924 0.0 0.0 0.0
18868_3453_x28753_y10380_axon_0 0.0 0.0 0.0 0.0 0.0 0.0 0.0
18868_3453_x28753_y10380_axon_1 0.0 0.0 0.0 0.0 0.0 0.0 30446.21608103453
18868_5724_x8616_y5999_axon_0 0.0 0.0 0.0 0.0 0.0 0.0 0.0
18868_5724_x8616_y5999_axon_1 0.0 0.0 0.0 0.0 0.0 0.0 19416.521124309307
18453_5228_x9833_y5221_axon_0 0.0 0.0 0.0 0.0 0.0 0.0 0.0
18453_5228_x9833_y5221_axon_1 0.0 4498.0345559579655 5025.328819728464 5724.589485683513 8622.460508794735 383.4491852851213 420.1083776303717
18453_4496_x31014_y8304_axon_0 0.0 0.0 0.0 0.0 0.0 0.0 0.0
18453_4496_x31014_y8304_axon_1 135.33544212072547 2030.001811294023 448.80830365321077 0.0 0.0 0.0 0.0
191812_3675_x8625_y6930_axon_0 0.0 0.0 0.0 0.0 0.0 0.0 0.0
191812_3675_x8625_y6930_axon_1 137.245751642576 741.67037009626 1342.2605936289017 1452.081065188927 823.7098208978191 155.2005922887305 3637.5846688859056
18453_3945_x11262_y6434_axon_0 0.0 0.0 0.0 0.0 0.0 0.0 0.0
18453_3945_x11262_y6434_axon_1 0.0 1018.7889779120948 4326.955955256434 4553.869057756728 822.6243888624485 148.03499408020105 2090.976468540181
18453_3945_x11262_y6434_axon_2 0.0 2977.32026431704 0.0 1460.893610294167 97.1101562628577 0.0 0.0
191812_5219_x4127_y21100_axon_0 0.0 0.0 0.0 0.0 0.0 0.0 0.0
191812_5219_x4127_y21100_axon_1 7166.71523702384 2521.1717932631777 1911.4586591967113 0.0 0.0 0.0 2417.0827019867106
191812_5219_x4127_y21100_axon_2 2180.73003470991 303.08802208810994 2107.892467576719 953.0782576985463 1532.9495709748305 0.0 995.2927288276173
191812_5586_x4875_y23378_axon_0 0.0 0.0 0.0 0.0 0.0 0.0 0.0
191812_5586_x4875_y23378_axon_1 1066.1451849658083 1000.2123429155511 530.1319483829559 4117.146997250967 7545.7783599684335 311.61429013019364 15003.292757987128
18453_4540_x32498_y9442_axon_0 0.0 0.0 0.0 0.0 0.0 0.0 0.0
18453_4540_x32498_y9442_axon_1 0.0 0.0 0.0 0.0 1015.7256280557599 148.19797662963265 7331.553806927726
18868_4317_x23980_y6346_axon_0 0.0 0.0 0.0 0.0 0.0 0.0 0.0
18868_4317_x23980_y6346_axon_1 1715.977120255537 3375.569169852212 895.5553818542162 15624.903925929973 5577.246612047019 303.91525065091867 2950.254054446501
18868_4317_x23980_y6346_axon_2 0.0 0.0 0.0 0.0 0.0 0.0 28654.940933365997
18868_4883_x27078_y6285_axon_0 0.0 0.0 0.0 0.0 0.0 0.0 0.0
18868_4883_x27078_y6285_axon_1 0.0 0.0 758.9599938557046 7330.597618689027 466.00718153891785 73.25385245842013 1848.8731348658152
18867_4605_x30309_y8068_axon_0 0.0 0.0 0.0 0.0 0.0 0.0 0.0
18867_4605_x30309_y8068_axon_1 0.0 0.0 115.03711038972935 4480.03633383549 6010.993415716253 0.0 1271.824288073397
18868_4430_x9829_y7185_axon_0 0.0 0.0 0.0 0.0 0.0 0.0 0.0
18868_4430_x9829_y7185_axon_1 0.0 0.0 0.0 0.0 0.0 0.0 9114.073311965414
18868_4430_x9829_y7185_axon_2 0.0 0.0 0.0 0.0 0.0 0.0 15286.474902707529
18453_5459_x9646_y5477_axon_0 0.0 0.0 0.0 75.24068978950147 0.0 0.0 0.0
18453_5459_x9646_y5477_axon_1 0.0 4730.604174522712 3524.887894420566 1366.1622416336425 646.0416163293044 77.07850089356936 73.54453684673001
18868_3871_x26350_y7564_axon_0 0.0 0.0 0.0 0.0 0.0 0.0 0.0
18868_3871_x26350_y7564_axon_1 0.0 0.0 0.0 0.0 0.0 0.0 21519.104363187544
18868_3871_x26350_y7564_axon_2 0.0 0.0 0.0 0.0 0.0 0.0 12937.617497883402
18869_3480_x6168_y6983_axon_0 0.0 0.0 0.0 0.0 0.0 0.0 0.0
18869_3480_x6168_y6983_axon_1 0.0 0.0 0.0 0.0 0.0 0.0 46997.17783896083
18867_6091_x30186_y6043_axon_0 0.0 0.0 0.0 0.0 0.0 0.0 0.0
18867_6091_x30186_y6043_axon_1 1017.5487329944317 1254.1298647213475 230.09406822700697 2171.3503739970615 11320.03961773424 612.0130248405384 5241.861097016674
191812_4446_x6677_y24393_axon_0 0.0 0.0 0.0 0.0 0.0 0.0 0.0
191812_4446_x6677_y24393_axon_1 4873.13952958972 4629.450095276292 0.0 3722.7728863473326 5625.625309782935 0.0 12777.974651892551
18453_3564_x30226_y9677_axon_0 0.0 0.0 0.0 0.0 0.0 0.0 0.0
18453_3564_x30226_y9677_axon_1 0.0 1729.1351525674893 0.0 17071.856150028725 2534.1401352936855 0.0 0.0
18453_5535_x29214_y5045_axon_0 0.0 0.0 0.0 0.0 0.0 0.0 0.0
18453_5535_x29214_y5045_axon_1 0.0 1548.3497642502366 577.9829047147693 738.7093570540957 911.6461982579993 0.0 0.0
18453_3841_x9500_y7920_axon_0 0.0 0.0 0.0 0.0 0.0 0.0 0.0
18453_3841_x9500_y7920_axon_1 0.0 980.085382058603 2346.9089809796014 722.6491288780738 4749.900477178014 74.43836712341295 814.7717285543134
191812_6084_x5026_y7787_axon_0 0.0 0.0 0.0 0.0 0.0 0.0 0.0
191812_6084_x5026_y7787_axon_1 3293.958361537523 4169.770457274194 272.0025127259708 4717.646277286199 5188.40567490986 233.17469281704933 13230.53195214043
18868_5701_x9538_y5736_axon_0 0.0 0.0 0.0 0.0 0.0 0.0 0.0
18868_5701_x9538_y5736_axon_1 0.0 0.0 322.4869347325328 8268.29069027118 1817.4533250600036 311.0576928882708 27704.54640371343
18453_4749_x31789_y8895_axon_0 0.0 0.0 0.0 0.0 0.0 0.0 0.0
18453_4749_x31789_y8895_axon_1 483.98169180281263 7000.522202265446 2569.068008944776 0.0 0.0 0.0 0.0
18868_3875_x8707_y8341_axon_0 0.0 0.0 0.0 0.0 0.0 0.0 0.0
18868_3875_x8707_y8341_axon_1 0.0 78.1267406206099 1176.024950944626 7361.166035063593 609.8255906378621 72.34265339341646 1513.560455523114
17781_3668_x9453_y17266_axon_0 0.0 0.0 0.0 0.0 0.0 0.0 0.0
18867_4513_x27588_y6824_axon_0 0.0 0.0 0.0 0.0 0.0 0.0 0.0
18867_4513_x27588_y6824_axon_1 0.0 0.0 0.0 0.0 0.0 0.0 20158.814189003413
18867_4513_x27588_y6824_axon_2 0.0 0.0 0.0 11933.686110773895 4229.73413126513 0.0 5058.945851018555
18869_4026_x21667_y6102_axon_0 0.0 0.0 0.0 0.0 0.0 0.0 0.0
18869_4026_x21667_y6102_axon_1 0.0 0.0 0.0 548.6036304605334 6171.737280447009 0.0 1571.1497054538117
18868_5686_x9887_y5415_axon_0 0.0 0.0 0.0 0.0 0.0 0.0 0.0
18868_5686_x9887_y5415_axon_1 365.67759136690233 712.0216567736342 1531.763665871426 7515.091493465016 1359.9630049271857 605.4148393927234 15070.97704827621
18867_4421_x31775_y9812_axon_0 0.0 0.0 0.0 0.0 0.0 0.0 0.0
18867_4421_x31775_y9812_axon_1 0.0 0.0 0.0 0.0 0.0 0.0 16841.485081047525
18453_3704_x10450_y7387_axon_0 0.0 0.0 0.0 0.0 0.0 0.0 0.0
18453_3704_x10450_y7387_axon_1 0.0 4141.035907635077 897.2225185272475 11983.408487596333 1878.6745899249704 76.05761303117536 150.94665149081186
18868_5531_x7356_y7030_axon_0 0.0 0.0 0.0 0.0 0.0 0.0 0.0
18868_5531_x7356_y7030_axon_1 0.0 0.0 0.0 0.0 0.0 0.0 22060.15314194483
18869_3634_x20027_y5437_axon_0 0.0 0.0 0.0 0.0 0.0 0.0 0.0
18869_3634_x20027_y5437_axon_1 0.0 0.0 0.0 518.0921681935121 4872.708216095327 78.40345528100138 1445.3576170840563
18461_4545_x5749_y4914_axon_0 0.0 0.0 0.0 0.0 0.0 0.0 0.0
18461_4545_x5749_y4914_axon_1 236.51209837255396 2906.4400139787604 0.0 1057.275056194683 991.3721229515542 0.0 0.0
17543_3705_x9619_y20864_axon_0 0.0 0.0 0.0 0.0 0.0 0.0 0.0
17543_3705_x9619_y20864_axon_1 84.8893275995935 284.19568361779557 0.0 431.74508853058177 154.3974074248465 0.0 7468.051763906238
18869_3659_x21701_y7032_axon_0 0.0 0.0 0.0 0.0 0.0 0.0 0.0
18869_3659_x21701_y7032_axon_1 0.0 0.0 0.0 0.0 0.0 0.0 13142.788455374652
18869_3504_x6554_y5961_axon_0 0.0 0.0 0.0 0.0 0.0 0.0 0.0
18869_3504_x6554_y5961_axon_1 0.0 0.0 0.0 0.0 0.0 0.0 16679.118131240357
18453_4345_x12044_y5189_axon_0 0.0 0.0 0.0 0.0 0.0 0.0 0.0
18453_4345_x12044_y5189_axon_1 436.06893337999395 5112.218757471708 0.0 2029.4477397356043 955.1779167625688 141.46401743199567 432.9682383654686
18453_4345_x12044_y5189_axon_2 0.0 426.79339609296653 0.0 376.9299198757733 77.10371521528617 0.0 4679.17383694565
18869_4426_x7611_y4421_axon_0 0.0 0.0 0.0 0.0 0.0 0.0 0.0
18869_4426_x7611_y4421_axon_1 0.0 0.0 0.0 1903.8662387293994 7852.155714735784 882.1647094626616 6899.299133483154
18461_4862_x17603_y2198_axon_0 0.0 0.0 0.0 0.0 0.0 0.0 0.0
18461_4862_x17603_y2198_axon_1 2105.7351088894793 2131.7661099094466 895.2455029831849 2152.4768160474487 0.0 0.0 73.49464517228459
18461_4862_x17603_y2198_axon_2 351.1779113957819 4906.172672410345 3629.6315768812747 2816.4142440766773 364.2458713621152 0.0 152.03330521028238
18867_5203_x10027_y7237_axon_0 0.0 0.0 0.0 0.0 0.0 0.0 0.0
18867_5203_x10027_y7237_axon_1 348.6464997380349 535.9810401195045 1089.3333135291589 3962.583765446293 3613.4518975058795 223.41934671641047 20933.109971733356
18869_5980_x7654_y3517_axon_0 0.0 0.0 0.0 0.0 0.0 0.0 0.0
18869_5980_x7654_y3517_axon_1 0.0 0.0 0.0 0.0 0.0 0.0 14498.82165573861
18867_3525_x9958_y10743_axon_0 0.0 0.0 0.0 0.0 0.0 0.0 0.0
18867_3525_x9958_y10743_axon_1 0.0 0.0 0.0 0.0 0.0 0.0 21750.88861102204
18868_4047_x27203_y7787_axon_0 0.0 0.0 0.0 0.0 0.0 0.0 0.0
18868_4047_x27203_y7787_axon_1 0.0 0.0 0.0 0.0 0.0 0.0 37773.6543475714
18868_4047_x27203_y7787_axon_2 0.0 0.0 0.0 0.0 0.0 0.0 32096.57220952652
18869_3321_x21485_y7678_axon_0 0.0 0.0 0.0 0.0 0.0 0.0 0.0
18869_3321_x21485_y7678_axon_1 0.0 52.1666071352162 365.9576887639189 2118.364276608824 1544.4424497815385 0.0 2275.951500835935
18470_3227_x19287_y16117_axon_0 0.0 0.0 0.0 0.0 0.0 0.0 0.0
18470_3227_x19287_y16117_axon_1 217.53364531075945 344.24134510678834 217.83349141575127 8567.05618620075 4057.1707691661395 0.0 5674.357024672866
17543_2434_x11441_y5587_axon_0 0.0 0.0 0.0 0.0 0.0 0.0 0.0
17543_2434_x11441_y5587_axon_1 1047.500203270783 306.8760191253544 0.0 483.73141158140106 73.59671595934094 0.0 7253.339681922337
191812_3922_x8455_y6768_axon_0 0.0 0.0 0.0 0.0 0.0 0.0 0.0
191812_3922_x8455_y6768_axon_1 1579.6623520660376 3058.519125099922 891.8943268538058 2411.5454088137385 3999.7975035307677 296.11997506327793 6235.4233693102115
18867_5169_x12576_y5864_axon_0 0.0 0.0 0.0 0.0 0.0 0.0 0.0
18867_5169_x12576_y5864_axon_1 0.0 0.0 0.0 0.0 0.0 0.0 33369.19911428515
18867_5169_x12576_y5864_axon_2 604.0141536246227 1446.020638939115 1063.6509112283009 8393.17125888787 4350.207087571656 0.0 2218.796317913203
18867_3807_x9130_y11820_axon_0 0.0 0.0 0.0 0.0 0.0 0.0 0.0
18867_3807_x9130_y11820_axon_1 0.0 169.83684474629865 453.5166186533062 4813.029875827877 726.1772887170785 146.76258292332108 1699.954751281461
17543_3842_x7369_y3542_axon_0 0.0 0.0 0.0 0.0 0.0 0.0 0.0
17543_3842_x7369_y3542_axon_1 0.0 104.39243336534045 1220.5507262988685 1724.2349338922247 738.530488520584 0.0 4993.670314668514
18867_4330_x29413_y7746_axon_0 0.0 0.0 0.0 0.0 0.0 0.0 0.0
18867_4330_x29413_y7746_axon_1 0.0 0.0 14.837944601595034 6308.292871990796 1738.041324154916 0.0 8977.088355622374
18869_4347_x8166_y4281_axon_0 0.0 0.0 0.0 0.0 0.0 0.0 0.0
18869_4347_x8166_y4281_axon_1 0.0 0.0 0.0 0.0 0.0 0.0 9919.202993256982
18869_4347_x8166_y4281_axon_2 0.0 0.0 0.0 0.0 0.0 268.69528295260955 19716.622315718047
18869_4550_x7203_y4574_axon_0 0.0 0.0 0.0 0.0 0.0 0.0 0.0
18869_4550_x7203_y4574_axon_1 0.0 0.0 0.0 1494.0868210935075 6025.4285637383055 230.69734671636388 4446.956986906679
18461_4388_x5599_y5781_axon_0 0.0 0.0 0.0 0.0 0.0 0.0 0.0
18461_4388_x5599_y5781_axon_1 878.7157947223392 1907.2333511585753 1661.3826602828901 772.7444389102437 812.5974864781559 0.0 214.55022889483908
18453_3492_x29357_y9198_axon_0 0.0 0.0 0.0 0.0 0.0 0.0 0.0
18453_3492_x29357_y9198_axon_1 142.70485426893103 2359.606050932688 1357.3899114891847 0.0 0.0 0.0 0.0
18452_5511_x26566_y3403_axon_0 0.0 0.0 0.0 0.0 0.0 0.0 0.0
18452_5511_x26566_y3403_axon_1 6130.146465518864 4211.763479581591 62.19810610534106 0.0 0.0 0.0 2917.800699230535
18864_00002_axon_0 0.0 0.0 0.0 0.0 0.0 0.0 0.0
18864_00002_axon_1 0.0 1067.6528140612345 409.69612658928685 734.4641107165997 741.7986539967457 0.0 6462.886073855482
18868_3781_x6715_y11703_axon_0 0.0 0.0 0.0 0.0 0.0 0.0 0.0
18868_3781_x6715_y11703_axon_1 0.0 576.9108619600008 3880.9741933619084 2670.7095935039033 486.17920055290074 79.0061522920846 1407.7553350298297
18867_4957_x30093_y7560_axon_0 0.0 0.0 0.0 0.0 0.0 0.0 0.0
18867_4957_x30093_y7560_axon_1 0.0 0.0 0.0 4952.578978166048 8379.639639567424 874.841516566316 41523.13387875157
18864_4380_x6371_y4940_axon_0 0.0 0.0 0.0 0.0 0.0 0.0 0.0
18864_4380_x6371_y4940_axon_1 0.0 134.99858598367956 804.2033949296497 2338.798169624255 1317.7554161441667 0.0 0.0
18864_5099_x6368_y29941_axon_0 0.0 0.0 0.0 0.0 0.0 0.0 0.0
18864_5099_x6368_y29941_axon_1 0.0 5468.0153649636395 3958.705532692054 869.8766857951971 1157.3200265944931 74.74423121552587 4125.057637441323
18453_3579_x30397_y10103_axon_0 0.0 0.0 0.0 0.0 0.0 0.0 0.0
18453_3579_x30397_y10103_axon_1 1144.421805345188 4039.6878335589354 382.1772061530288 1117.123346957601 214.0733725400793 0.0 75.09014582486785
18869_3857_x22137_y7268_axon_0 0.0 0.0 0.0 0.0 0.0 0.0 0.0
18869_3857_x22137_y7268_axon_1 0.0 0.0 0.0 0.0 0.0 0.0 39186.2860875991
191807_4821_x3698_y18726_axon_0 0.0 0.0 0.0 0.0 0.0 0.0 0.0
191807_4821_x3698_y18726_axon_1 0.0 0.0 0.0 0.0 0.0 0.0 8472.211104429725
191807_4821_x3698_y18726_axon_2 150.78888650483898 3101.6253411173398 1455.6626856858447 8213.88474692549 2022.219304093949 75.99760654125883 449.42121676728317
191812_3494_x7001_y8336_axon_0 0.0 0.0 0.0 0.0 0.0 0.0 0.0
191812_3494_x7001_y8336_axon_1 5446.49497305349 16171.718492890453 1596.1275144719013 3455.9795706897316 1884.927641337061 381.0326564563385 33871.023615535196
18453_4711_x14090_y3943_axon_0 0.0 0.0 0.0 0.0 0.0 0.0 0.0
18453_4711_x14090_y3943_axon_1 221.72084397344253 3389.092350414353 306.36453857518063 7663.710885099553 1185.719243174213 73.95368550653846 2447.104306961273
18453_4711_x14090_y3943_axon_2 2227.5592024160815 12266.700721618734 219.32508504142126 662.1252627905579 70.80997740431783 0.0 0.0
18868_3853_x29683_y10294_axon_0 0.0 0.0 0.0 0.0 0.0 0.0 0.0
18868_3853_x29683_y10294_axon_1 0.0 124.35106079920371 2174.1231809182964 2871.7384416840987 705.9507174263397 73.27264564624404 1154.2982432601023
18867_5654_x12080_y5724_axon_0 0.0 0.0 0.0 0.0 0.0 0.0 0.0
18867_5654_x12080_y5724_axon_1 0.0 0.0 0.0 0.0 0.0 0.0 48384.2507411728
18869_4282_x22276_y6457_axon_0 0.0 0.0 0.0 0.0 0.0 0.0 0.0
18869_4282_x22276_y6457_axon_1 151.38625657515166 767.9462458030705 380.20300615944393 1589.3072200991928 5424.091626922055 0.0 5963.850408759334
18453_5113_x9557_y5782_axon_0 0.0 0.0 0.0 0.0 0.0 0.0 0.0
18453_5113_x9557_y5782_axon_1 0.0 2948.57747433026 223.88003022539726 0.0 0.0 0.0 0.0
18867_3832_x10338_y8748_axon_0 0.0 0.0 0.0 0.0 0.0 0.0 0.0
18867_3832_x10338_y8748_axon_1 0.0 0.0 177.3941636329965 4878.288052107916 605.7070028645778 46.63814425982161 1663.037534739616
17543_3828_x6023_y17044_axon_0 0.0 0.0 0.0 0.0 0.0 0.0 0.0
17543_3828_x6023_y17044_axon_1 0.0 0.0 0.0 0.0 0.0 0.0 5665.0174224429375
17543_3828_x6023_y17044_axon_2 0.0 0.0 0.0 0.0 0.0 0.0 5161.992239463527
18047_5719_x25513_y7957_axon_0 0.0 0.0 0.0 0.0 0.0 0.0 0.0
18047_5719_x25513_y7957_axon_1 0.0 0.0 0.0 0.0 0.0 0.0 11962.327422848593
18869_3741_x6284_y6163_axon_0 0.0 0.0 0.0 0.0 0.0 0.0 0.0
18869_3741_x6284_y6163_axon_1 0.0 0.0 0.0 0.0 0.0 0.0 22891.68766108612
17788_5059_x3960_y6601_axon_0 0.0 0.0 0.0 0.0 0.0 0.0 0.0
17788_5059_x3960_y6601_axon_1 12924.733364494721 9989.508945863296 6924.767537584602 6870.856749441624 1430.5641723252947 64.75983709059209 3528.7741374180177
191812_6351_x5009_y7424_axon_0 0.0 0.0 0.0 0.0 0.0 0.0 0.0
191812_6351_x5009_y7424_axon_1 1367.1353260478922 1870.2315509400307 2155.131426890206 5549.500006437684 3849.320363559629 454.5546898607449 3968.5208395676023
18869_4468_x23035_y7089_axon_0 0.0 0.0 0.0 0.0 0.0 0.0 0.0
18869_4468_x23035_y7089_axon_1 0.0 0.0 0.0 0.0 0.0 0.0 22554.881197452716
18868_4341_x30419_y10114_axon_0 0.0 0.0 0.0 0.0 0.0 0.0 0.0
18868_4341_x30419_y10114_axon_1 0.0 0.0 557.2000119837634 7876.317155112055 8901.960296317044 261.7670470572611 8072.8572188935395
18869_4036_x8032_y4635_axon_0 0.0 0.0 0.0 0.0 0.0 0.0 0.0
18869_4036_x8032_y4635_axon_1 0.0 0.0 0.0 0.0 0.0 0.0 22244.650291976803
18869_4036_x8032_y4635_axon_2 0.0 0.0 438.11534943470554 5922.401353326805 15813.138040791273 608.6358145418062 4190.740576110114
18868_3799_x26336_y7466_axon_0 0.0 0.0 0.0 0.0 0.0 0.0 0.0
18868_3799_x26336_y7466_axon_1 0.0 0.0 0.0 0.0 0.0 0.0 5262.351076078038
18868_3799_x26336_y7466_axon_2 0.0 0.0 0.0 0.0 0.0 0.0 5476.6810797198395
182724_5410_x4393_y11075_axon_0 0.0 0.0 0.0 0.0 0.0 0.0 0.0
182724_5410_x4393_y11075_axon_1 2302.2923329849154 2913.7616312886507 6358.113603361877 2674.019933968433 904.6854613576121 77.34602898662644 9916.00971879923
182724_5410_x4393_y11075_axon_2 0.0 0.0 0.0 0.0 0.0 0.0 12960.21817488788
18869_4410_x8772_y3996_axon_0 0.0 0.0 0.0 0.0 0.0 0.0 0.0
18869_4410_x8772_y3996_axon_1 0.0 0.0 0.0 2482.219467859179 4750.608714991589 710.7776766005225 2153.73421350812
18869_4410_x8772_y3996_axon_2 0.0 0.0 0.0 0.0 0.0 0.0 6600.544142730027
18867_4302_x30805_y9233_axon_0 0.0 0.0 0.0 0.0 0.0 0.0 0.0
18867_4302_x30805_y9233_axon_1 0.0 0.0 0.0 563.7334984416314 4955.434211049681 519.2231487630513 32160.910363687435
18461_5025_x23630_y4542_axon_0 0.0 0.0 0.0 0.0 0.0 0.0 0.0
18461_5025_x23630_y4542_axon_1 571.3242734135429 665.3588816129475 292.12220450480055 813.5620074697312 3781.7372259143353 839.2161999134489 410.1063001275181
191812_5922_x4572_y8645_axon_0 0.0 0.0 0.0 0.0 0.0 0.0 0.0
191812_5922_x4572_y8645_axon_1 507.62219868344334 344.46153564898185 216.9690840637428 2354.235143495525 4628.480486468388 1479.996565149163 4835.173090480813
18868_5456_x7773_y6771_axon_0 0.0 0.0 0.0 0.0 0.0 0.0 0.0
18868_5456_x7773_y6771_axon_1 0.0 0.0 0.0 0.0 0.0 0.0 23034.086270237367
18453_3326_x29413_y10076_axon_0 0.0 0.0 0.0 0.0 0.0 0.0 0.0
18453_3326_x29413_y10076_axon_1 0.0 0.0 250.4935083905176 2979.8528270419347 1890.901379979966 233.43494867646714 78.2881121243836
18869_3590_x6132_y6798_axon_0 0.0 0.0 0.0 0.0 0.0 0.0 0.0
18869_3590_x6132_y6798_axon_1 0.0 0.0 0.0 0.0 0.0 0.0 28609.283931419468
18868_3507_x7704_y10476_axon_0 0.0 0.0 0.0 0.0 0.0 0.0 0.0
18868_3507_x7704_y10476_axon_1 258.6472517757828 1972.5857882116738 2318.7418562641083 3152.715244470658 1410.5630251345706 79.06660356939554 11440.559878649812
18869_4050_x21764_y6239_axon_0 0.0 0.0 0.0 0.0 0.0 0.0 0.0
18869_4050_x21764_y6239_axon_1 0.0 0.0 0.0 335.57322221364046 3692.643642493048 75.6312594103789 2993.05363432386
18864_00025_axon_0 0.0 0.0 0.0 0.0 0.0 0.0 0.0
18864_00025_axon_1 2014.9445704042428 17703.524012940466 1314.88864349071 62.925074493400636 0.0 0.0 0.0
18864_00025_axon_2 0.0 0.0 0.0 0.0 0.0 0.0 4424.628516175389
18867_3383_x10177_y11497_axon_0 0.0 0.0 0.0 0.0 0.0 0.0 0.0
18867_3383_x10177_y11497_axon_1 0.0 0.0 0.0 0.0 0.0 0.0 33345.00349314128
18868_4434_x10947_y6887_axon_0 0.0 0.0 0.0 0.0 0.0 0.0 0.0
18868_4434_x10947_y6887_axon_1 0.0 0.0 0.0 0.0 0.0 0.0 7931.704179883245
18868_4434_x10947_y6887_axon_2 0.0 0.0 0.0 4455.200882804171 573.3583238709223 76.61827131957504 1672.0973609109874
18869_4301_x20547_y5218_axon_0 0.0 0.0 0.0 0.0 0.0 0.0 0.0
18869_4301_x20547_y5218_axon_1 0.0 0.0 176.22496618918387 373.47643093178175 6715.366253597595 153.6307732617242 7288.847775639614
18869_3482_x7077_y5660_axon_0 0.0 0.0 0.0 0.0 0.0 0.0 0.0
18869_3482_x7077_y5660_axon_1 0.0 0.0 178.2893097507584 927.4654820335306 2787.332391140991 76.09797960524337 1776.3082950323615
18868_3931_x26823_y7496_axon_0 0.0 0.0 0.0 0.0 0.0 0.0 0.0
18868_3931_x26823_y7496_axon_1 0.0 0.0 0.0 0.0 0.0 0.0 14027.500701223387
18868_3931_x26823_y7496_axon_2 0.0 0.0 0.0 0.0 0.0 0.0 5029.879818468835
18869_4722_x18329_y4110_axon_0 0.0 0.0 0.0 0.0 0.0 0.0 0.0
18869_4722_x18329_y4110_axon_1 0.0 335.63297803056696 0.0 3224.340248897858 6623.5809509433775 0.0 0.0
18869_4722_x18329_y4110_axon_2 0.0 0.0 0.0 2122.5033251209215 7035.6777274507795 0.0 0.0
18453_4231_x30739_y8470_axon_0 0.0 0.0 0.0 0.0 0.0 0.0 0.0
18453_4231_x30739_y8470_axon_1 194.70736934525232 1999.6355254785342 184.58624726027097 580.8100917202105 145.12746942270633 0.0 0.0
18867_3855_x11412_y8044_axon_0 0.0 0.0 0.0 0.0 0.0 0.0 0.0
18867_3855_x11412_y8044_axon_1 0.0 0.0 0.0 0.0 0.0 0.0 63892.94981122462
18869_4345_x7097_y4738_axon_0 0.0 0.0 0.0 0.0 0.0 0.0 0.0
18869_4345_x7097_y4738_axon_1 1250.259111704903 374.7295863542986 696.0091950811985 2489.2749897328968 4553.412320666321 76.76158544480369 8954.95009040529
18867_4831_x27808_y6496_axon_0 0.0 0.0 0.0 0.0 0.0 0.0 0.0
18867_4831_x27808_y6496_axon_1 0.0 0.0 0.0 0.0 0.0 0.0 12628.212936348315
18867_4831_x27808_y6496_axon_2 1758.9597300538417 1075.5166778026612 673.3890704603109 3526.383988416154 5032.398212126335 460.5702042624464 12170.624310057297
18869_5553_x7275_y3994_axon_0 0.0 0.0 0.0 0.0 0.0 0.0 0.0
18869_5553_x7275_y3994_axon_1 0.0 0.0 0.0 0.0 0.0 0.0 28578.483123893944
18869_4629_x8451_y4031_axon_0 0.0 0.0 0.0 0.0 0.0 0.0 0.0
18869_4629_x8451_y4031_axon_1 0.0 0.0 0.0 6973.941596214578 3541.2050451810123 0.0 0.0
18869_4629_x8451_y4031_axon_2 0.0 0.0 0.0 2306.5719064399796 2755.8268076993345 46.79468893980042 0.0
18868_3389_x28317_y9872_axon_0 0.0 0.0 0.0 0.0 0.0 0.0 0.0
18868_3389_x28317_y9872_axon_1 0.0 0.0 0.0 0.0 0.0 0.0 15524.710907647164
191812_4003_x5886_y22658_axon_0 0.0 0.0 0.0 0.0 0.0 0.0 0.0
191812_4003_x5886_y22658_axon_1 11745.941279557914 10190.541187482582 9954.991304303196 2345.2313402666373 3588.610755379616 0.0 4836.9080788656
18868_3547_x28065_y9077_axon_0 0.0 0.0 0.0 0.0 0.0 0.0 0.0
18868_3547_x28065_y9077_axon_1 287.3482786643433 613.3670214370828 2382.9170534603772 7932.120673009411 1092.4003925349857 76.71547562258873 18521.244558361614
18868_3783_x28846_y9268_axon_0 0.0 0.0 0.0 0.0 0.0 0.0 0.0
18868_3783_x28846_y9268_axon_1 0.0 0.0 0.0 0.0 0.0 0.0 14317.98288949273
18867_4216_x9933_y8365_axon_0 0.0 0.0 0.0 0.0 0.0 0.0 0.0
18867_4216_x9933_y8365_axon_1 0.0 277.7774250002413 257.5628279930014 7301.741315317586 2062.5522595894304 406.3477827865941 1367.4676266915592
18868_4192_x10967_y7007_axon_0 0.0 0.0 0.0 0.0 0.0 0.0 0.0
18868_4192_x10967_y7007_axon_1 158.03337902454302 645.5929166206366 510.1466370277967 8193.498744580345 458.0990964822385 0.0 2358.3692286696723
18868_4192_x10967_y7007_axon_2 0.0 0.0 0.0 0.0 0.0 0.0 13998.50996740299
18869_4883_x18883_y4120_axon_0 0.0 0.0 0.0 0.0 0.0 0.0 0.0
18869_4883_x18883_y4120_axon_1 0.0 0.0 143.97616712089345 3881.6210882830846 243.0108256874142 0.0 0.0
18869_4883_x18883_y4120_axon_2 0.0 0.0 338.0245707780044 2817.2117618417965 754.98269244478 0.0 0.0
