18457_00053 VPM 1 4 199.8801 11458.4693 0 2801.1521 2855.1787900979157 0 0
18452_4126_x15225_y20986 OT 4 30 1228.8212 2646922.9296 11 130.4551 90.1502781471028 0 0.41519690025263106
18452_3926_x14445_y21337 OT 2 20 969.082 3471903.212 6 114.9647 0.008124038404163975 0 0.4198382795202616
18457_00121 MG 2 5 232.2616 25771.6147 0 3220.6511 3251.9208130378884 0 0
18454_00002 CP 1 2 21.4947 0.0 0 1712.8148 1714.3461840888494 0 0
18463_00021 CP 2 2 7.7333 0.0 0 3475.4023 3476.5117394523495 0 0
18465_00001 CP 1 2 63.9677 0.0 0 48.4035 27.444082240075165 0 0
18457_00141 CP 3 5 94.188 4943.7125 1 108.2217 117.73715980946746 0 0
18462_00009 CP 2 2 8.5729 0.0 0 99.3513 102.16065057056029 0 0
17781_00003 MOp 7 89 3196.9219 17065252.1669 32 118.6407 88.17783054713952 0 0.42313077148119094
15257_4397_x16794_y21812 MOp 5 76 3143.621 35474272.4556 26 260.1496 107.01163920340626 0 0.6305894408980244
18453_3186_x12745_y7108 MOp 9 91 3541.6447 34890878.9965 33 134.5474 29.96810804839039 0 0.4041415820210807
236174_3029_x12820_y24699 MOp 8 44 1664.4507 5132381.2878 16 115.3061 67.2631791918877 0 0.46677134432780554
18864_3494_x2380_y13749 MOp 8 154 5903.0109 39794451.7281 58 60.6969 10.36183622723287 0 0.4908889658951021
182725_4160_x5717_y19181 MOp 5 169 7620.2026 122609818.7428 51 447.685 28.904908752666863 0 0.6219745852707778
18453_2713_x27713_y9899 MOp 5 106 3933.7968 60729663.7479 38 124.4431 65.60480584530359 0 0.44180787412813977
191812_3163_x6264_y21524 MOp 6 98 4549.4751 117330478.3281 28 137.1775 12.709517103336344 0 0.4202764735793057
18868_3658_x9598_y8113 MOp 6 212 10597.0048 255307215.2887 58 322.6181 177.72187133270873 0 0.5020834275722159
pre_18864_00069 MOp 4 93 4095.6388 55042787.3795 28 242.0921 85.15192114685335 0 0.4095454233552923
pre_18864_00432 MOp 5 99 4148.6542 58384923.5481 31 196.0606 78.15951765460166 0 0.43803910595251033
18864_3338_x3396_y21865 MOp 5 42 1916.7316 48900875.6269 11 80.3314 27.620915987707725 0 0.4829340385616932
18864_3015_x3194_y23588 MOp 4 110 4703.7707 83193517.7237 37 176.5241 38.82985867859937 0 0.35250639911407156
18453_2645_x28684_y11703 MOp 13 125 4210.4325 21639310.4624 49 64.6154 25.4957086781282 0 0.515357324939583
18864_3488_x3691_y22599 MOp 10 64 2720.0611 67168381.8007 19 164.7908 25.500110293879008 0 0.5124165575078024
pre_18864_00062 MOp 6 100 4159.7779 45639202.3643 32 145.0699 51.01537758362675 0 0.44194996413868054
18868_4132_x11881_y6094 MOp 7 142 5986.46 83324293.8537 45 406.5535 78.64999888747606 0 0.6289121242808965
pre_18864_00036 MOp 8 99 4058.892 44857075.8026 33 118.6189 39.21010137706854 0 0.5044531113665663
pre_18864_00026 MOp 8 97 3765.3477 52331739.0798 32 167.4867 140.16048266184023 0 0.522593206264054
15257_3271_x15413_y13333 MOp 9 67 2636.9111 39476561.7306 22 154.1478 42.39826794811298 0 0.48333459616441893
191807_5199_x3288_y11643 MOp 10 167 7548.408 120912020.7671 52 324.7677 49.50501514998258 0 0.46580702536909535
18864_4120_x3320_y13563 MOp 5 90 3977.0547 43615917.6807 29 200.3003 47.694824142667926 0 0.4486783564819597
18868_3112_x27714_y10534 MOp 9 201 8927.5397 144452401.358 52 210.9951 40.13836475244106 0 0.5102146913242115
18453_4221_x16935_y5165 MOp 5 51 2342.9459 38313090.2452 16 149.6282 40.07774226425494 0 0.37198142648456206
18868_3488_x24952_y7321 MOp 9 205 9006.4229 200138567.8011 61 350.9154 144.30674880268077 0 0.535601736581771
182724_4327_x4847_y18972 MOp 7 149 7123.3229 197342033.7064 42 273.5735 39.63862415624435 0 0.42015508042516037
18461_4233_x19011_y2874 MOp 8 42 1607.7209 6024691.5959 15 130.7257 34.12276219768821 0 0.5423120624613842
182725_4080_x6576_y11407 MOp 3 84 4191.9485 125336274.4421 24 222.7335 13.486721247212188 0 0.36810356929214266
182724_4472_x5247_y12162 MOp 4 36 1728.0463 36997141.5827 9 164.8718 15.395715313034454 0 0.40036356180302923
17782_3352_x11384_y16404 MOp 8 94 3060.4665 9885722.9345 36 96.5586 32.51417959906103 0 0.4008808682660726
18453_3767_x22604_y5643 MOp 9 102 4024.8661 28019305.9 36 64.4786 16.388216803545394 0 0.4780853488311291
18868_3419_x27168_y8481 MOp 7 148 6135.2866 129710349.622 44 347.0922 49.27879691104489 0 0.5421006149024737
18461_4178_x16825_y2713 MOp 9 55 2002.1134 12564640.3464 20 120.4844 47.98849914302375 0 0.46793944339626553
18864_4157_x3358_y13741 MOp 5 68 3005.4363 24386298.7715 21 213.2306 244.15136012318274 0 0.452624014241192
18867_5319_x14289_y4114 MOp 2 4 102.036 762.4243 1 240.6018 279.2093679481403 0 0
17109_2401_x8977_y24184 MOp 4 49 2026.6875 10324885.1409 18 97.6846 29.711203694902803 0 0.521262482254927
18864_3473_x2641_y21082 MOp 5 86 3783.1771 41833358.7518 29 172.0567 28.99180099614386 0 0.37493087972968525
191807_3532_x4912_y7973 MOp 8 232 10105.7806 158570692.2913 72 305.068 101.69304560784919 0 0.45819435994187135
18867_2903_x13633_y8787 MOp 12 273 10519.3648 165283074.2043 96 525.3133 935.7547719755427 0 0.5781539585117508
182725_4290_x5671_y18488 MOp 6 216 9419.1501 93199476.8183 68 453.9713 205.96498616269707 0 0.638746372350179
191812_2978_x7903_y22705 MOp 6 33 1314.8271 13353032.0837 11 81.6064 15.841820444633662 0 0.4532467180104062
pre_18864_00247 MOp 4 95 3819.3408 68315144.5775 30 198.7834 63.690920860040606 0 0.40143161693596296
pre_18864_00059 MOp 5 81 3557.5328 25919701.4044 24 240.353 54.54190269875089 0 0.4699194018312318
pre_18864_00153 MOp 4 74 3011.6418 22045068.1774 22 83.2923 12.384311688584257 0 0.4838616712468716
191801_4724_x4226_y10240 MOp 5 46 1893.2761 20858956.2534 14 85.5257 34.65241094065515 0 0.5461384567402996
pre_18864_00424 MOp 6 112 4563.9054 45945803.644 36 88.2083 29.70005934337414 0 0.5615005466041244
182725_3762_x5563_y19178 MOp 12 217 9846.313 160972654.6372 63 367.5753 48.73548553159174 0 0.5112214509019541
18461_3871_x7813_y3857 MOp 5 87 3553.1776 38945707.0201 32 128.7967 33.866825965832454 0 0.48129475703648533
18867_3758_x14594_y6944 MOp 8 217 9000.4297 162485043.4241 67 383.0837 0.007071067811376712 0 0.5394648269893464
pre_18864_00174 MOp 8 136 5352.1249 82668037.1634 45 122.1546 87.7302613127308 0 0.39315470182069884
18867_3469_x10058_y10954 MOp 9 165 6821.2922 167265860.5521 47 268.829 0.007071067812019822 0 0.4263917555612553
191812_3801_x5383_y20989 MOp 5 63 2501.5967 45127544.1492 17 219.9017 18.743532884704713 0 0.5900984950705012
18453_4067_x16924_y5288 MOp 5 84 3557.6402 31188611.8996 29 111.3277 58.95343310613926 0 0.5128420000555909
191812_3438_x6058_y10197 MOp 6 59 2637.3756 52250227.0143 16 160.2584 13.055769797296652 0 0.4708723270613085
18868_3009_x28076_y11485 MOp 8 223 10354.8461 251711290.6565 67 286.5827 32.396354733210195 0 0.4153817739813845
191807_4114_x3589_y10280 MOp 8 161 7610.5032 117002660.9892 45 321.1543 66.04895854591494 0 0.4584829773473913
18868_3592_x9776_y8113 MOp 6 206 10077.2506 205991610.7099 54 353.3938 100.47127363580026 0 0.4893596573977781
pre_18864_00043 MOp 7 105 4224.8786 45220285.0454 39 105.9395 150.22496480279173 0 0.422180518731638
pre_18864_00286 MOp 9 68 2604.917 15022531.5353 26 119.2753 34.2664241641874 0 0.41672495988690855
18453_3795_x13584_y5960 MOp 7 85 3163.7649 28491198.2476 27 152.681 263.8053788780664 0 0.4671544432082711
pre_18864_00038 MOp 5 64 2617.5826 26196443.7175 21 215.9921 205.20842246360144 0 0.4305287031627722
18864_4067_x3464_y21495 MOp 8 50 2362.2993 55701530.6561 15 120.3244 31.722998754846596 0 0.5336636056264482
18864_4760_x3070_y21249 MOp 4 46 1981.5858 20460880.8449 17 235.312 336.7145239293963 0 0.5179121434223237
18453_3021_x27493_y8943 MOp 5 74 3122.353 40912272.1218 23 117.7634 44.07388455763755 0 0.4336529928969918
pre_18864_00074 MOp 6 119 4691.3117 55315243.8971 44 182.9909 54.16300882521191 0 0.37844776756055293
18453_3456_x24161_y6646 MOp 5 82 3270.5555 22084042.2079 29 146.6214 49.01106278178408 0 0.48240401931144833
182725_2376_x10033_y10786 MOp 14 224 9990.4919 148454014.7812 66 279.323 37.12740598264307 0 0.39329765989270643
191807_5178_x5002_y23078 SSp-bfd 8 211 9085.7822 139475604.199 67 384.7058 29.05723877108716 0 0.4549064852899271
18867_5942_x29015_y5711 SSp-bfd 6 128 5909.8873 171097412.7577 35 429.7294 43.60260915358185 0 0.5490945587647095
18453_4725_x30684_y6703 SSp-bfd 6 90 3776.8765 30567416.2705 30 86.2228 92.99108048624969 0 0.4559594128068131
17781_6262_x6896_y13574 SSp-bfd 5 32 1145.9088 6256289.3054 12 89.7114 81.64984889759452 0 0.46459849447410734
18868_5156_x9540_y6495 SSp-bfd 6 154 6402.4621 111141421.9008 51 341.6585 51.79859095573928 0 0.6112815229853155
18868_4739_x28536_y7468 SSp-bfd 7 157 6904.7612 154400914.6108 47 458.1319 95.44299673103313 0 0.595977679511052
18869_5393_x8284_y3671 SSp-bfd 7 155 6347.3031 136628461.9252 51 406.1496 122.33582733606691 0 0.5790720097430639
18868_5141_x8535_y6876 SSp-bfd 6 133 6053.5693 155820578.5763 38 350.4647 122.90851103971622 0 0.5787258109181924
18867_6408_x9343_y6158 SSp-bfd 5 172 7141.5964 219794520.2316 58 415.9844 431.01585371074214 0 0.49040082626964643
18869_5108_x7688_y4065 SSp-bfd 12 138 5783.2377 104254684.2942 43 316.0913 24.48563762698467 0 0.615312999019338
pre_18864_00060 SSp-bfd 6 69 2458.8265 19868462.0177 26 122.6438 31.227294567413438 0 0.40046201547682075
18869_5754_x7159_y3959 SSp-bfd 9 113 4899.1469 94609664.9007 34 402.8632 51.485157084348145 0 0.5883325820277842
18867_4922_x30354_y7405 SSp-bfd 4 134 5687.9024 78033010.3169 42 262.9879 116.22102832534209 0 0.5908719142086609
18453_4899_x10111_y5917 SSp-bfd 5 16 610.7363 1963685.3359 5 64.7787 20.917325952425294 0 0.5386259230869695
18867_5408_x30554_y7318 SSp-bfd 6 117 4999.6703 79588689.1836 36 308.0474 17.473538565499464 0 0.6161865710444911
18869_5213_x7186_y4274 SSp-bfd 7 136 5964.6767 122205254.5056 42 309.1319 56.784466405875406 0 0.5751879983074228
pre_18864_00147 SSp-bfd 5 78 3415.9556 41254656.1034 25 109.9184 254.75223855738713 0 0.47853295203744284
17781_4874_x11466_y11924 SSp-bfd 5 44 1820.0189 14456886.5227 16 58.7616 18.510231630101476 0 0.6175906584155092
18864_00015 SSp-bfd 7 65 2632.8586 20277348.1298 23 177.8912 48.59375011254018 0 0.4760786694342229
191807_5921_x4355_y21421 SSp-bfd 6 86 3514.3703 51191596.6836 27 209.5761 77.06611787938982 0 0.4943549851171373
18869_5237_x7485_y4162 SSp-bfd 10 134 6301.3059 153615810.8542 37 375.4654 31.527941179213986 0 0.5776417373375213
18868_5242_x9858_y5968 SSp-bfd 7 126 4691.0386 68329466.5742 46 368.6181 68.7876169815467 0 0.6157476227305024
18868_5131_x7596_y7239 SSp-bfd 8 111 4398.6408 83560587.5949 35 432.9155 820.0055052559098 0 0.6142662815712355
191812_5411_x6011_y24641 SSp-bfd 7 62 2616.7882 41667422.2799 19 185.5888 488.43221090546444 0 0.539256490096457
18867_5894_x10157_y6463 SSp-bfd 6 115 5137.0716 111284213.3976 36 393.1865 92.31869014452074 0 0.6196922534789057
18867_4954_x9860_y7599 SSp-bfd 12 224 10061.8894 180144426.7976 66 423.6365 18.91120435085987 0 0.5085417724500013
pre_18864_00073 SSp-bfd 8 78 2870.2566 27740640.2275 29 114.9609 46.581897352941574 0 0.47275873658680856
18864_5648_x4839_y28849 SSp-bfd 5 101 4169.5674 27342261.7158 35 118.2272 45.68146287062218 0 0.5040248526286772
18453_4403_x30609_y7732 SSp-bfd 6 67 2171.4346 12606802.8456 28 115.2879 53.459396508002825 0 0.4999526401587054
18868_5724_x8616_y5999 SSp-bfd 8 164 6735.1475 133141365.3891 52 327.2894 42.39926751725799 0 0.5210935445641139
18453_5228_x9833_y5221 SSp-bfd 6 31 1052.9806 6340379.3595 11 117.0357 37.35607380333206 0 0.5298033829427317
191812_5586_x4875_y23378 SSp-bfd 12 133 5725.0479 93210839.2667 43 124.0446 16.9707468898689 0 0.47157192307833634
18868_4883_x27078_y6285 SSp-bfd 5 113 4973.6248 91589792.6699 36 372.3369 66.7717824009513 0 0.6151599012728022
18867_6091_x30186_y6043 SSp-bfd 7 150 6566.6927 143933193.2802 44 399.6629 29.849963567817216 0 0.5201589869979469
191807_5811_x3931_y20674 SSp-bfd 7 51 1913.7636 14828314.9211 16 151.8306 31.94485952387372 0 0.4793635366192278
18453_5535_x29214_y5045 SSp-bfd 8 41 1588.5479 19253925.1948 12 53.8455 19.35495285450182 0 0.49503968643327756
191812_6084_x5026_y7787 SSp-bfd 5 66 2674.4063 34638222.5119 24 182.6636 12.87555532782969 0 0.5045304419807939
18868_5701_x9538_y5736 SSp-bfd 8 133 5580.36 140785586.7956 43 368.2342 68.75549487131926 0 0.5332369878345765
18868_5686_x9887_y5415 SSp-bfd 6 166 7844.4767 287341685.3806 48 324.6026 92.77566531693546 0 0.4658532937978219
18868_5531_x7356_y7030 SSp-bfd 7 173 7848.8508 158036372.5713 50 282.2626 17.287651691308632 0 0.5401411011086328
18867_5203_x10027_y7237 SSp-bfd 10 153 6383.9971 1423285865.1447 47 173.9567 38.16993941572377 0 0.8737995483820189
18869_5980_x7654_y3517 SSp-bfd 5 130 6127.1591 147115306.9953 37 334.294 166.9507653471529 0 0.49890569785497935
17543_3842_x7369_y3542 SSp-bfd 5 98 4187.7744 30287702.3297 33 112.6663 69.8859250850984 0 0.4905521755267662
18864_5099_x6368_y29941 SSp-bfd 6 107 4110.1102 32812418.9891 43 100.8999 14.39740514815127 0 0.4316472327799853
17781_6202_x7633_y12296 SSp-bfd 3 14 516.9053 2143164.605 5 85.0317 157.73269453413909 0 0.4051902058179166
191812_6351_x5009_y7424 SSp-bfd 10 38 1274.3503 12466678.7936 10 224.6557 345.8486427253982 0 0.5848935815783617
18461_5025_x23630_y4542 SSp-bfd 8 48 1906.9625 7759670.4591 18 48.7696 26.481191910486217 0 0.5607187217040914
18868_5456_x7773_y6771 SSp-bfd 7 143 6173.3798 124472354.3303 44 294.5781 47.854114504397494 0 0.5466360195749256
18869_5553_x7275_y3994 SSp-bfd 10 162 6768.0533 145399604.4544 52 381.3148 209.41661860988958 0 0.531363038503065
18470_4630_x23468_y24795 RSPd 8 156 7318.8526 114303619.21 42 238.5254 22.078878504126937 0 0.4369381643367754
18864_6074_x3503_y13192 RSPd 4 47 2109.4376 27656800.6018 15 142.5571 10.323168118363625 0 0.459256965332211
18867_6014_x17935_y4434 RSPd 7 167 7770.9961 178938353.7369 47 230.9136 166.9766608691168 0 0.4256383329491615
pre_18469_00086 RSPd 10 208 8553.9593 167629369.1857 64 177.3281 60.7361336026592 0 0.3518699576476865
18864_6384_x3409_y13059 RSPd 6 65 2643.2984 21914489.5928 21 175.5923 54.92473281682836 0 0.4578295183446267
18464_00197 LP 2 14 375.9519 2189595.6873 2 2369.9631 2377.5731321641824 0 0.7126885306639095
18869_3398_x6248_y7047 SSp-m 8 173 8110.7904 175209917.6235 55 224.5442 62.30687061633034 0 0.39102324974126534
18869_3305_x6812_y6104 SSp-m 9 142 6331.7548 134926517.552 43 269.2172 164.41669022638797 0 0.4954040788539246
191801_4180_x7440_y5386 SSp-m 9 119 4541.4264 27115512.7017 41 115.9778 24.15393239205548 0 0.43936789901633033
18453_3316_x8214_y11076 SSp-m 5 29 1078.0204 9282804.8659 10 53.2973 33.97375825545376 0 0.38258305238786405
18869_3064_x20999_y7621 SSp-m 5 111 5154.8968 158705103.8624 30 303.0414 185.82772539370953 0 0.4327316156513316
18868_4549_x5910_y9879 SSp-m 6 188 8045.8879 137218379.3778 58 316.5786 18.062752420381873 0 0.4858530763459601
18867_3801_x9223_y10977 SSp-m 6 146 6593.5135 157070606.2714 44 254.9798 50.282753862532715 0 0.4536609769699436
18868_3627_x28035_y8749 SSp-m 7 176 7917.6807 138260783.8608 52 294.5262 37.14377908883276 0 0.5555301780713979
18868_3715_x8453_y8977 SSp-m 10 196 7679.3618 205668259.4134 63 356.9573 847.193388858176 0 0.4830170012568126
18869_3263_x6927_y6229 SSp-m 8 200 9024.8469 187771982.7387 56 320.5314 0.0070710678120198215 0 0.45517473250843243
18867_4156_x9348_y9148 SSp-m 6 136 6013.4114 80605215.2062 40 278.7469 677.8871212451228 0 0.5285973137154748
18869_3701_x5589_y7633 SSp-m 6 144 6739.6166 175829516.5606 42 246.4028 62.762029125897485 0 0.3764005107263197
18868_3552_x28542_y9340 SSp-m 7 161 6655.3902 217546583.6952 47 218.6035 81.30541448759699 0 0.5024316822416496
191812_3915_x8011_y24180 SSp-m 6 110 5046.359 106289153.2982 34 196.0187 19.29717725471757 0 0.4485875328643814
182724_3848_x8903_y23965 SSp-m 9 149 6260.2787 68380084.9126 51 279.4428 44.52169443091711 0 0.4654728550833624
18869_3239_x6605_y6691 SSp-m 6 129 5984.4674 147876690.5181 42 283.5454 187.54495074514892 0 0.4548194769993356
18867_4259_x9977_y8313 SSp-m 7 64 2538.1484 33766504.4687 22 99.9403 26.031124159359823 0 0.5040983951100291
18453_3350_x8925_y9653 SSp-m 4 20 951.4218 15968214.6428 4 147.3823 30.971568413627573 0 0.6100828711950445
pre_18864_00044 SSp-m 5 112 4830.2382 40226430.8204 39 151.8112 40.688254447690454 0 0.509756427745621
18867_4296_x31171_y9797 SSp-m 9 199 8821.5221 184284566.6188 61 308.9531 230.70844680028515 0 0.47627421652881546
18867_4457_x7592_y10554 SSp-m 9 152 6821.9629 103253175.4782 47 238.5602 91.70971281712646 0 0.4581113815472652
18867_4052_x9852_y8712 SSp-m 7 151 6212.3798 84980979.1208 49 262.2138 17.177865583360607 0 0.5225528648543812
191812_4067_x7961_y6860 SSp-m 8 53 2201.561 47106044.3168 17 243.9448 507.7570438950109 0 0.5180843941978092
18867_4336_x10280_y7972 SSp-m 7 107 4682.5185 100678345.6619 30 172.8657 36.82912334009591 0 0.5439628274294752
18869_3751_x5868_y6832 SSp-m 7 182 8484.163 135113109.8253 54 299.4185 58.73199746305319 0 0.45787976601456293
18867_4397_x8352_y9768 SSp-m 6 143 6215.761 160257207.6502 45 280.8701 39.26094783624061 0 0.48037234782589405
18869_3395_x6415_y6741 SSp-m 8 158 6628.8428 118808349.7099 51 229.413 29.976582944023956 0 0.44658167149111455
18868_3228_x28576_y10788 SSp-m 6 154 7076.1889 148322864.337 43 241.8984 111.53197983089888 0 0.4617829155621026
18869_4181_x21056_y5611 SSp-m 8 133 5833.6925 92260977.2717 41 401.9528 127.2740866201757 0 0.6333725104490429
18868_3207_x27726_y9448 SSp-m 8 224 9790.9659 171823245.9644 69 296.2247 51.44576294506681 0 0.5062835083329275
18864_00040 SSp-m 6 99 3834.4083 26392896.0316 34 123.0368 77.63173980402635 0 0.3917957198288924
18869_3634_x5750_y7170 SSp-m 5 138 5965.5617 128056175.6982 42 268.4915 128.88307355894426 0 0.4005151037682317
18869_3506_x6250_y6810 SSp-m 10 189 8702.9896 226254523.7064 53 270.8043 62.61918456032384 0 0.37600215452232294
18869_3937_x5000_y8198 SSp-m 5 136 6280.5043 132493887.6546 41 239.4062 44.74225575448808 0 0.36476468620845404
18869_4196_x21043_y5510 SSp-m 5 117 5837.6524 175320300.1587 31 381.1929 66.47970141328817 0 0.5422430347213355
18869_3547_x21769_y7449 SSp-m 8 166 7812.3972 350290437.375 43 306.9205 51.32398342880194 0 0.3879190029668963
18868_3453_x28753_y10380 SSp-m 8 177 7933.3318 111700522.2372 49 278.4898 84.19484930801886 0 0.5731037794351714
191812_3675_x8625_y6930 SSp-m 8 45 1740.3904 22314471.9762 14 64.6809 35.70022478920825 0 0.48014689700901675
pre_18864_00082 SSp-m 5 120 5015.7289 65044047.7628 41 148.59 55.88564596566778 0 0.4007630143361954
18869_3480_x6168_y6983 SSp-m 9 173 7664.0136 150557528.6155 58 267.7677 18.77851631519436 0 0.4185194660216468
18453_3564_x30226_y9677 SSp-m 6 37 1281.1566 9517806.2136 14 94.2411 46.4871342416374 0 0.49783148543997285
18868_3875_x8707_y8341 SSp-m 5 147 6863.6805 170787656.5311 41 321.5525 18.901604429254416 0 0.5338175439694485
18869_4026_x21667_y6102 SSp-m 6 125 5062.8107 71001399.0624 40 366.6107 756.4933658169119 0 0.6093800759642197
18867_4421_x31775_y9812 SSp-m 7 155 6883.4677 144209536.797 46 280.3342 108.56232104187893 0 0.4315112074889166
18453_3704_x10450_y7387 SSp-m 6 57 2081.5962 16458418.5663 21 117.7302 34.773050628323624 0 0.5580999907923353
18869_3634_x20027_y5437 SSp-m 6 138 5870.6771 84629879.6173 45 382.9474 154.71326874253572 0 0.6059474072405313
18461_4545_x5749_y4914 SSp-m 8 60 2230.6989 17924751.9125 22 120.5404 51.6768424925506 0 0.4652365846588476
18869_3659_x21701_y7032 SSp-m 5 135 5975.8938 179112956.2456 37 259.9858 0.005000000000109139 0 0.4619390683661633
18869_3504_x6554_y5961 SSp-m 8 120 4956.5098 93721186.1417 39 270.1585 91.12069701774669 0 0.5436267628689536
236174_3529_x13394_y26567 SSp-m 5 70 2681.6372 23397931.7025 26 105.2083 177.45981108408716 0 0.438592975415147
18867_3525_x9958_y10743 SSp-m 6 149 6448.8819 192545945.4421 44 282.1599 55.31553240275226 0 0.41879301906633976
18869_3321_x21485_y7678 SSp-m 7 131 6120.9753 122860621.5516 34 216.6649 36.722212623968915 0 0.45706640132211346
18470_3227_x19287_y16117 SSp-m 5 169 6884.7975 119404029.8162 52 352.1323 12.893473155050692 0 0.5840177267288528
17543_2434_x11441_y5587 SSp-m 4 33 1292.701 15413851.4954 10 62.7368 13.93570235043763 0 0.47285223807997245
191812_3922_x8455_y6768 SSp-m 3 23 1172.4732 11941468.0156 6 275.9541 17.22830302148157 0 0.6988095107164506
18867_3807_x9130_y11820 SSp-m 7 163 6886.6038 135649573.9173 53 256.4107 40.27654082713592 0 0.41443952851733007
18867_4330_x29413_y7746 SSp-m 7 149 6221.5621 101648876.0177 47 318.6431 778.3244930939792 0 0.5381445910063043
18868_3781_x6715_y11703 SSp-m 6 174 7387.3861 187570509.3562 52 228.5297 105.53776421262776 0 0.383110358104434
18453_3579_x30397_y10103 SSp-m 6 58 2096.6263 19974803.7546 21 63.6832 40.540838052512164 0 0.4377890475980915
18869_3857_x22137_y7268 SSp-m 8 146 7025.4215 154617332.9754 38 273.3349 97.68814232034536 0 0.4522537986356565
191812_3494_x7001_y8336 SSp-m 3 14 686.2311 2476526.2556 3 352.9455 500.9013162789651 0 0.7941463323991124
18868_3853_x29683_y10294 SSp-m 5 136 6125.9271 125151449.3224 40 302.7417 99.36964035861259 0 0.5138854793942124
18867_3832_x10338_y8748 SSp-m 5 115 4644.8982 127434400.4184 34 279.7541 35.56255439363111 0 0.5042652605612346
18869_3741_x6284_y6163 SSp-m 7 127 5356.4797 75859487.9607 43 248.5365 37.72054214880759 0 0.5726208463555242
18867_4302_x30805_y9233 SSp-m 8 166 6657.2852 122206249.0219 56 251.1994 83.69075889845881 0 0.5275655142366854
18869_3590_x6132_y6798 SSp-m 8 160 6996.9054 136847459.6175 54 233.7724 37.05397785663447 0 0.42073790008398965
18868_3507_x7704_y10476 SSp-m 9 190 7325.0261 152785232.8668 61 273.8273 98.12272685265104 0 0.4539019020726297
18869_4050_x21764_y6239 SSp-m 6 153 6940.6765 159519826.7935 43 285.0681 68.4866211387303 0 0.5226207623506159
18867_3383_x10177_y11497 SSp-m 10 235 10338.3717 203241131.4589 70 262.8463 26.937021457466123 0 0.36444254909789053
18869_3482_x7077_y5660 SSp-m 5 91 4194.6319 123880012.4262 25 312.7722 67.94459103563693 0 0.4905021975217467
18867_3855_x11412_y8044 SSp-m 10 194 7708.5059 143309416.4535 65 303.6113 46.46631512181751 0 0.5105521188410824
18868_3389_x28317_y9872 SSp-m 9 140 6779.3753 158954221.1036 36 266.1729 31.20137096346892 0 0.5060810780911923
191812_4003_x5886_y22658 SSp-m 1 10 614.4664 898186.6058 1 225.2171 0.007071067812662931 0 0.8543088645654382
18868_3547_x28065_y9077 SSp-m 8 224 9621.3281 153931404.5331 70 326.1032 31.37133285341863 0 0.5584167232977345
18868_3783_x28846_y9268 SSp-m 6 219 10175.2075 312690486.4208 60 386.2816 41.694041840531916 0 0.48595923653313966
18867_4216_x9933_y8365 SSp-m 9 98 3870.1131 43687366.0039 31 80.1733 40.74326232642701 0 0.4667605577858685
18453_2190_x23739_y8507 MOs 7 108 4306.6712 43820448.6178 36 137.3339 39.67583836543399 0 0.35330026176686635
pre_18864_00025 MOs 8 80 3480.9583 50648443.9045 22 158.7805 50.10312889431173 0 0.39586235118713686
18047_3132_x24052_y12385 MOs 5 73 3209.3459 97384491.9455 20 295.5282 561.2778798643326 0 0.44200503471959524
18453_2428_x13810_y8197 MOs 4 33 1503.7517 37595372.2917 9 80.6606 17.173513036067718 0 0.4969763113544159
pre_18864_00003 MOs 6 106 4523.6255 55276478.517 35 133.9372 54.35864282706135 0 0.478514251316337
182724_2333_x7081_y21185 MOs 12 223 10125.1918 131604495.9928 67 287.741 74.58577210165447 0 0.40288941630876607
182724_2238_x7096_y20268 MOs 10 257 10843.607 137268879.1795 77 248.7032 15.425333092027225 0 0.4505840068816166
18461_2985_x10744_y3095 MOs 9 122 4811.8643 26224420.2025 43 62.5832 17.805418416875362 0 0.4173609250133057
18453_1641_x24165_y10580 MOs 3 79 3139.797 27448129.9415 29 116.0133 70.49010763929903 0 0.4783110820507065
18453_2991_x13607_y7348 MOs 4 57 2287.7366 37373434.6835 21 168.056 254.7068635215782 0 0.4889147456124045
182724_2494_x6419_y20983 MOs 7 195 9164.8904 179443129.0181 56 269.0818 63.208649922300886 0 0.4160462078796084
191812_3176_x5144_y19229 MOs 4 21 1014.2482 11155716.4258 5 134.298 13.109750188314338 0 0.594072477923853
18864_4267_x2794_y21031 MOs 6 104 4243.0327 40379542.3184 39 106.7322 10.016888239368354 0 0.37467191830890634
18470_3582_x22459_y29708 MOs 6 109 4669.146 133605896.2301 30 237.41 50.85045401960553 0 0.38584125996440893
15257_2627_x17126_y20600 MOs 5 168 7866.519 139867426.3599 48 238.2355 15.949735107518158 0 0.4089299906808944
15257_4485_x16442_y16836 MOs 6 68 2752.3097 24227496.7352 25 179.502 18.515939754708747 0 0.6158060821282233
182724_2926_x5279_y13761 MOs 9 217 9825.2483 162187328.3589 68 321.0372 29.02768592223615 0 0.47860924213608536
15257_2226_x16029_y23953 MOs 5 67 2809.741 43919989.0833 21 235.9351 18.40499252920261 0 0.6260266413275011
15257_4500_x16614_y17147 MOs 6 61 2536.3222 21680728.0632 21 196.6004 85.94871406833282 0 0.6205524615208753
18453_2632_x11687_y8383 MOs 6 108 4575.8925 52908275.5046 38 156.5294 67.24845927603079 0 0.38609302501404946
18864_3248_x2473_y15212 MOs 5 96 4083.985 38697937.6738 34 136.556 35.13922309898167 0 0.38290521421854695
18047_4141_x14168_y9063 MOs 8 156 6201.4676 49504239.2004 55 260.6776 17.975696092224076 0 0.48713114585804274
18453_3516_x21006_y6048 MOs 5 63 2329.8391 35524358.9695 24 120.2546 27.384039603389386 0 0.3861603619857596
191812_3727_x4996_y18685 MOs 5 55 2499.4331 39468672.4693 18 207.749 19.081559815696536 0 0.5454289750974379
191807_2729_x3750_y9965 MOs 8 229 10700.2334 210553577.2015 67 348.974 81.14669586619067 0 0.44649362649596086
18453_1924_x22284_y8069 MOs 8 57 2151.0689 21198930.0007 18 81.4136 36.531181201817766 0 0.5890987331475466
182724_2247_x6785_y11803 MOs 6 260 11830.4072 290005974.4773 78 343.3209 107.47695636739982 0 0.41772955902187886
15257_4021_x16401_y21556 MOs 5 87 3803.4086 65038177.7427 27 246.6704 11.763249976090433 0 0.5718636141860094
182725_2390_x8944_y12077 MOs 7 200 7795.1997 78360920.3692 74 484.1195 39.24125921781811 0 0.6389795641721265
18864_1871_x3272_y21319 MOs 8 122 5066.5827 54498071.6348 42 100.0327 24.88359148113477 0 0.41523757628936436
18864_2520_x2913_y22642 MOs 4 119 5341.1197 91064438.7247 36 157.6707 64.80072337559191 0 0.42171138960663124
191812_2734_x6259_y10487 MOs 8 49 2226.8342 33878103.5085 14 159.4877 31.17675656639073 0 0.5205846786784313
17109_2201_x8046_y23301 MOs 5 87 3382.1052 17418760.0926 35 114.994 27.705437192002194 0 0.4720754698394231
191812_3140_x5204_y12992 MOs 5 48 2242.334 32636007.7652 16 203.1699 23.256642599481147 0 0.4975228105913711
18453_2400_x15836_y7243 MOs 6 108 4636.1898 65984274.1278 32 121.6126 72.551093375634 0 0.3837027576146068
18864_2086_x2903_y21496 MOs 8 126 5213.3215 102254169.5303 41 127.0114 38.99725022357294 0 0.4350305455836131
182724_2526_x7529_y21792 MOs 11 250 11233.5805 270227247.1133 71 254.9333 32.98462444836974 0 0.38226832289955687
18453_2884_x12998_y7285 MOs 7 86 3568.7495 38079032.4175 30 113.6269 33.701632749764705 0 0.42831072954689114
18047_2622_x11862_y12983 MOs 4 104 4750.7863 265240206.344 24 212.7812 7.3708649424614325 0 0.37450982192830873
182725_2241_x9113_y11193 MOs 10 268 11634.034 166868251.1992 80 263.8056 31.48874799035345 0 0.40372000175043987
pre_18864_00081 MOs 4 139 5823.0249 96420196.1721 47 144.5774 328.1605799620056 0 0.4343025431868871
pre_18864_00411 MOs 5 97 3917.2768 56328594.7545 31 153.0378 265.8276509319527 0 0.48908118834911496
18868_2621_x11765_y8944 MOs 7 257 10881.9957 181817146.4957 80 387.3421 44.9403056843185 0 0.4766748722991311
18864_2047_x3016_y12128 MOs 8 144 5571.3983 38576970.3422 48 59.2863 31.12645980512389 0 0.5549883565185206
182724_2997_x5821_y12613 MOs 6 56 2621.0681 63376792.1436 17 396.5396 762.5529722255366 0 0.5853339979714453
18453_1643_x24077_y11694 MOs 5 64 2388.661 20977991.4944 24 145.9702 97.11117803837017 0 0.4732289665626784
18864_1917_x3417_y12763 MOs 6 121 5798.8714 105204184.4534 32 100.2702 19.635606687851226 0 0.4136489327697138
182724_2670_x5615_y13225 MOs 8 235 10209.849 161708414.1385 73 335.6957 57.59130620154411 0 0.4596609986501133
236174_6338_x12496_y6617 ECT 4 55 2311.343 17710303.1188 17 90.8599 107.52461485631939 0 0.4498366591413116
236174_6855_x15550_y29832 ECT 6 32 1343.9236 7846331.4418 11 122.1514 50.402206548921036 0 0.5133673890496384
236174_6338_x12092_y5845 ECT 5 52 2043.2282 13169682.2775 19 69.7023 59.98068751690011 0 0.4340756900385631
236174_6438_x12218_y5897 ECT 4 29 1090.6878 6448829.168 11 132.3516 95.02134299724437 0 0.5279039737907473
236174_3329_x13938_y26099 GU 6 57 1858.2699 8241199.4422 25 38.6934 17.250331880865463 0 0.5478050111093434
18868_3799_x6462_y13405 GU 10 197 7890.6358 262948263.9472 66 333.7687 138.68794201732206 0 0.40754673576808054
17781_2491_x13559_y38398 GU 12 153 5474.5031 29794036.0969 58 40.3516 21.0405834044587 0 0.49927890451578
182725_3680_x13452_y7614 GU 11 166 7133.0392 78697753.3367 52 256.2352 81.3896211135053 0 0.42045745715896504
236174_3529_x13688_y26111 GU 8 51 1842.9172 6189436.4365 21 102.2552 35.697197032820334 0 0.5237296469956807
236174_3829_x14826_y27255 GU 4 32 1253.3301 3919560.0711 11 118.6117 76.65389536742495 0 0.5615964615841705
18465_00347 VPL 1 3 118.7077 0.0 0 2715.9365 2705.680200374944 0 0
18457_00120 VPL 2 4 153.526 3581.714 0 2149.3337 2103.137503855846 0 0
18864_00029 SSs 5 43 1669.2175 14194334.7177 13 98.3689 214.58879607286124 0 0.5109317961749008
17109_3701_x9228_y26684 SSs 3 35 1480.5806 7413442.5135 11 51.5338 52.94772941307308 0 0.6380044035289736
18461_4410_x23856_y6531 SSs 6 99 3717.0515 36930760.5679 36 88.4621 26.720322322157642 0 0.44915557178088705
17300_3514_x19676_y45282 SSs 11 106 4168.3189 40212489.252 37 135.0916 25.277332236609993 0 0.5206333751351924
191807_5062_x6404_y23808 SSs 10 69 2618.823 19030824.8464 24 173.6184 65.05960862931701 0 0.5345253510191843
18868_5723_x7031_y7203 SSs 8 180 8032.8191 185871913.0146 54 348.7421 722.5901122469085 0 0.47189298969233595
191807_4923_x7499_y24194 SSs 7 85 2975.4571 21695823.9764 31 231.1535 50.92633552495179 0 0.6420195853627872
18869_4302_x23433_y9053 SSs 6 145 6491.2775 109048903.0881 42 270.4221 15.270824306500106 0 0.39692385136611325
18864_00043 SSs 4 44 1540.713 10464099.1628 16 147.9966 90.54892282628214 0 0.5357370417122792
17781_5166_x11993_y10858 SSs 5 33 936.2021 3524677.2647 15 44.1119 41.17521888223536 0 0.4283341287278292
182724_4599_x8181_y6776 SSs 5 54 2628.5563 83710483.5637 14 364.1668 561.9195833257637 0 0.48185755559348514
17781_6028_x9772_y42888 SSs 4 36 1182.137 5845492.8934 15 83.4194 97.03169018418664 0 0.45055899203296007
18869_4587_x23021_y6827 SSs 6 164 7678.5774 213729732.5806 48 368.0185 66.96992795277593 0 0.40990913992195277
191812_3762_x9097_y24261 SSs 5 36 1523.4128 15296160.9279 12 246.1051 409.23349596043676 0 0.5940818487453475
18864_4693_x10912_y2095 SSs 4 11 482.2158 3010455.4883 2 65.0957 9.696786838948114 0 0.409463090361962
18453_5436_x32746_y12751 SSs 3 20 780.4228 3702965.5569 7 119.8017 46.41150503916089 0 0.5545947225987359
18864_00313 SSs 3 33 1240.9945 4303390.9856 12 76.1581 0.004999999999199645 0 0.5154037697933467
18869_5343_x5414_y5337 SSs 6 174 8169.5905 116337496.6216 54 302.1856 19.140418621336718 0 0.5273059158083734
pre_18864_00163 SSs 4 81 3166.0539 35129076.11 28 137.5605 134.08639351179525 0 0.5107726487183094
18869_4764_x5211_y5995 SSs 8 173 8074.9192 181270371.8776 50 280.4688 16.147697204245144 0 0.4478979881672703
18864_4429_x7945_y3080 SSs 7 96 3871.7318 19773982.0723 36 86.1695 27.23429272075931 0 0.4179003388612125
191812_5158_x9017_y25877 SSs 6 66 2989.9886 58787740.2394 22 288.0584 505.01211146466585 0 0.4686707035740844
18868_4863_x31402_y10126 SSs 4 172 8385.9081 190395787.5078 46 316.7303 53.84471329666446 0 0.4774588054080627
17109_4101_x6753_y6197 SSs 4 50 2203.2386 39218060.6319 17 107.3027 52.59799449598812 0 0.4066197784682605
17788_4719_x3512_y9492 SSs 4 33 1358.573 12159564.8987 10 355.1797 18.10007389487603 0 0.6165405522102202
17787_4690_x4440_y9176 SSs 8 134 4792.4322 41338747.3787 48 39.9998 42.05862723627593 0 0.5138535036255981
17781_6287_x8230_y11645 SSs 3 22 900.1879 4530782.4722 8 134.0801 177.33213618800198 0 0.47498271375430046
18867_3973_x31634_y12362 SSs 6 163 7576.9715 176139012.9411 47 253.8542 55.19353811815291 0 0.38663527187085367
18453_4186_x30783_y11697 SSs 7 47 1719.0543 7010276.3285 17 120.6497 68.6652237307937 0 0.5090922339209674
17787_4521_x5172_y12873 SSs 6 96 4054.5995 77991007.3262 26 241.2698 35.710722843427 0 0.4306062105649231
18867_4218_x8269_y11914 SSs 10 263 10223.1746 172571972.2976 89 322.7676 18.259800820382395 0 0.426061038405602
18864_5305_x7877_y31450 SSs 7 72 2605.8855 15378165.8835 28 100.8331 128.65638829844366 0 0.4534011830786616
17781_3819_x16144_y41186 SSs 4 37 1403.7563 4669089.3398 14 97.5791 15.242289854218207 0 0.5045189247988916
236174_5670_x14073_y29439 SSs 5 35 1328.37 8308930.102 13 89.8768 27.280383061826335 0 0.41548588554701366
191812_5221_x9028_y25900 SSs 8 78 3240.4131 54357566.5471 25 243.5135 44.369792933932125 0 0.5020834569845898
18868_3626_x29809_y12585 SSs 7 181 8108.5099 271931199.2057 54 302.1964 49.99222964621612 0 0.3708730107971983
18868_3981_x30626_y12403 SSs 6 237 10000.3684 219003007.9069 71 305.0888 79.64058418921853 0 0.40962624547367876
18869_3761_x5335_y8118 SSs 7 154 6254.2989 75619052.734 57 218.5431 16.865991669628016 0 0.40786316616383284
18864_5030_x9347_y31359 SSs 3 24 966.1097 1807559.1854 8 163.0005 45.18110557522904 0 0.6665396118383782
18864_5444_x7352_y31475 SSs 11 114 4277.3608 28253534.8044 39 56.1168 14.976327987862215 0 0.5041070717017148
18867_4801_x7068_y12938 SSs 6 115 4941.2693 72556038.378 36 110.7553 107.96729539541053 0 0.4651895356871703
18453_5325_x32314_y8395 SSs 4 28 1099.8713 8312895.3106 8 58.68 23.398103555629504 0 0.487214215673724
18453_5766_x31719_y6139 SSs 5 58 2102.0363 13097629.1186 21 90.3815 52.899462426380246 0 0.46555399671697933
17300_3426_x20339_y44872 SSs 10 93 3653.0938 78996174.0368 31 99.1905 11.983698302278365 0 0.4385035163317352
18868_4464_x5477_y11004 SSs 8 179 7795.8168 122966851.3537 53 308.6532 37.05984923066979 0 0.48617288651514423
18869_5024_x5544_y5480 SSs 7 185 8998.6908 269270772.3045 50 312.9797 749.2892982686999 0 0.4555508972954659
18868_4221_x5685_y12199 SSs 6 162 7245.1578 135242814.5872 46 294.9362 104.64501672798231 0 0.4535937942028034
191812_4664_x8027_y25176 SSs 4 69 3270.6789 70465973.1437 22 242.5138 21.412859454076358 0 0.427144028089338
18869_4253_x4991_y7023 SSs 9 174 7339.7999 100886942.4774 58 225.6702 29.515777983986283 0 0.4363776974778773
191812_5676_x8072_y26215 SSs 10 83 3647.2268 58806330.9549 26 114.6427 21.71773102789623 0 0.4819163465553239
18864_4554_x9386_y2232 SSs 7 141 5572.2018 41170560.5936 49 93.7839 58.366516085852005 0 0.5244546308335291
18869_4091_x4807_y8065 SSs 6 156 6280.0272 64479437.0352 56 243.9067 14.257302514851322 0 0.43109826551881475
18867_3926_x8710_y12751 SSs 13 188 7570.6428 1158865978.4115 59 204.4276 42.53003556311689 0 0.7907920695488939
17781_4710_x13766_y10574 SSs 4 33 1179.2904 3957870.6946 12 96.9804 118.80011447805894 0 0.4865576587131218
17781_5655_x10641_y11102 SSs 8 26 923.1432 5638747.3768 9 58.3114 31.440579272653526 0 0.46992270033646766
18867_4392_x7633_y13301 SSs 5 171 7109.1801 97202611.5678 57 252.2571 410.60716372221265 0 0.42456515673265677
191812_3758_x8791_y24162 SSs 8 100 4259.7016 74346143.5442 30 136.4076 18.881721981853573 0 0.42642874245666673
18453_4693_x33039_y11636 SSs 4 63 2446.9258 32806376.117 22 112.4805 66.34526396058722 0 0.3835180000345671
18868_4517_x31548_y11591 SSs 11 199 8860.7885 189995726.7811 61 330.982 86.36553508199883 0 0.4534786909180935
18864_4797_x9453_y2359 SSs 6 81 3089.4662 31974714.0246 30 150.1766 50.8691581412548 0 0.4145989595336257
18453_7309_x5442_y9199 TEa 3 45 1939.6319 19151159.6263 13 95.2391 12.299941056770006 0 0.47806359088549005
17109_7001_x6205_y5194 TEa 4 27 897.3344 3139660.9909 11 90.5474 32.034414712929554 0 0.44113647015131063
17781_6325_x14423_y8278 TEa 4 50 2134.0427 31808714.0753 16 136.7052 13.885983940650345 0 0.4285489579604229
236174_5840_x15240_y29741 TEa 6 36 1496.4904 9547329.4915 13 98.0344 35.13300301710555 0 0.35185376431947196
17109_6901_x7203_y26714 TEa 6 69 2716.2738 18766552.1399 23 113.1698 84.68257820236785 0 0.4901055178766824
236174_7077_x14579_y30892 TEa 5 34 1143.1885 4832516.8047 13 103.6676 44.868285570100504 0 0.4203228487405918
17109_6801_x7432_y4405 TEa 6 24 927.9593 5609233.1016 7 100.7125 36.88504100580583 0 0.5256225385366919
18453_6500_x34303_y12884 TEa 5 66 2670.782 32071384.2732 20 130.8729 17.359588128755444 0 0.39005147279224955
18864_6581_x10729_y2199 TEa 4 27 1038.9733 9814599.7509 9 116.1039 59.85700669094635 0 0.45852284281895916
18867_4984_x30860_y8156 SSp-n 7 128 5804.2373 195337659.1976 39 325.3704 48.366336433515556 0 0.5107341413655571
18869_4469_x21852_y5924 SSp-n 14 192 6686.1296 162382907.9653 70 542.6791 977.8834555047958 0 0.5970042418799251
18867_5287_x32054_y8614 SSp-n 7 192 7751.5875 105482397.334 68 284.4295 727.4276692737225 0 0.5276969075837346
18869_4625_x5853_y5391 SSp-n 5 98 4020.5017 55574303.5572 32 287.0555 17.1694401481237 0 0.6355629471987888
18868_4803_x7002_y8311 SSp-n 6 134 6043.1015 226008494.8654 36 332.8695 35.534732882069854 0 0.5556993974517962
191807_5031_x5620_y23074 SSp-n 10 66 2345.7722 15670456.708 26 169.5726 40.41078012114986 0 0.6523202565319476
pre_18864_00111 SSp-n 7 103 4152.8068 28143529.808 39 59.7188 147.60963332384497 0 0.5707225993901782
18869_4371_x21382_y5522 SSp-n 5 96 4195.7793 108561592.4377 27 469.0316 53.49135000165929 0 0.5989705775090005
18869_5033_x23046_y6158 SSp-n 6 177 8618.4922 196188173.1028 49 328.5779 32.72524828018866 0 0.4737997469625383
18869_4953_x22613_y6076 SSp-n 6 163 7222.6421 154106434.8009 51 363.5089 112.93599581178684 0 0.5516309167770661
18867_4824_x31628_y8902 SSp-n 5 137 6306.8463 176229552.304 41 323.2842 84.48773757179183 0 0.4607439661901521
191812_4322_x7645_y6848 SSp-n 8 106 4951.7182 189198159.9322 32 180.5183 38.974298261803064 0 0.4200351242903119
18453_4496_x31014_y8304 SSp-n 6 17 546.4215 1936380.5759 5 42.1447 19.507845857500573 0 0.47968870566262156
18453_4540_x32498_y9442 SSp-n 8 64 2072.7274 12601489.6368 24 106.1317 36.089420194844124 0 0.5243493714039212
18867_4605_x30309_y8068 SSp-n 12 179 6254.5206 143427893.2066 62 385.1628 815.2775711835819 0 0.5642423399897701
191812_4446_x6677_y24393 SSp-n 4 26 1303.4946 18092309.5388 6 255.4234 512.0264699456459 0 0.7083203616297822
18869_4550_x7203_y4574 SSp-n 7 147 6576.8233 130800209.0303 44 310.8256 860.114647716221 0 0.5553192089635475
18461_4388_x5599_y5781 SSp-n 5 22 737.777 4018840.7513 9 39.0959 10.594405363209782 0 0.4224275340502113
18867_4957_x30093_y7560 SSp-n 9 194 7842.6027 158150319.4695 66 406.2886 26.595778330404148 0 0.5228694073479834
18869_4282_x22276_y6457 SSp-n 6 123 5693.9371 169603285.308 35 345.0043 205.40843708329047 0 0.49563164581393104
17788_5059_x3960_y6601 SSp-n 9 85 3211.0818 14226969.8698 33 100.4307 27.3328561442079 0 0.422954179983559
18869_4468_x23035_y7089 SSp-n 6 156 7086.0474 159740389.4183 44 316.9911 19.22943771928898 0 0.4517486749588825
18868_4341_x30419_y10114 SSp-n 6 205 9891.8736 302495710.6135 55 345.0407 36.19294164612742 0 0.4641527347882191
18869_4345_x7097_y4738 SSp-n 8 137 5938.0914 122912080.4442 43 371.0507 73.81298598485266 0 0.5585710582473637
18453_3471_x28224_y8289 SSp-ul 6 26 971.9833 6076666.1141 8 59.1631 28.88087472705796 0 0.5577452948512416
18867_4202_x26848_y7080 SSp-ul 9 143 5503.8469 70373403.5317 50 279.9675 832.2004646117425 0 0.6271140454980485
18868_4041_x10632_y7193 SSp-ul 8 137 5668.5759 119612656.2975 43 342.6112 221.94445453761605 0 0.6292249878269023
18864_00021 SSp-ul 5 90 3507.6283 26476641.456 33 162.8393 215.55272121919515 0 0.4500043422533196
18868_3977_x25824_y7160 SSp-ul 5 103 4145.9425 96910496.1572 33 382.2985 851.360225609583 0 0.6006015101661698
18868_3564_x27379_y8431 SSp-ul 5 161 7850.4945 151842459.7338 45 347.1254 107.23154689735689 0 0.5483739547633508
18867_3994_x27846_y7437 SSp-ul 7 125 4737.3622 83280450.7286 39 313.7555 768.8265563831673 0 0.5877263603423801
18867_4689_x11723_y7039 SSp-ul 9 142 5442.1193 88020571.1289 49 370.1257 94.82751459887588 0 0.6130718613505424
pre_18864_00027 SSp-ul 6 74 3159.7723 23661224.5011 25 168.5599 63.6754626995362 0 0.41371006122286086
18868_3856_x26025_y7205 SSp-ul 5 100 4647.0767 110874769.4064 27 341.0627 49.9172918436084 0 0.5866248041594002
182724_3887_x5901_y10339 SSp-ul 10 232 8996.0594 100465789.3487 88 408.8433 798.1752950636848 0 0.5697975093365415
18864_4420_x4377_y8261 SSp-ul 6 78 3308.2316 36093852.701 26 130.936 33.20569830616432 0 0.5594074475297195
18868_3922_x26631_y7518 SSp-ul 10 160 7018.4736 179530136.919 47 347.6172 43.078561083211596 0 0.6067721055895303
18867_4647_x12409_y6656 SSp-ul 8 165 6205.9165 99646536.369 57 352.3892 73.70131138589043 0 0.5667918963548587
18867_4768_x26326_y6150 SSp-ul 7 150 6517.0227 125414376.4697 49 437.6638 43.307259784013226 0 0.5777242053583014
18453_3945_x11262_y6434 SSp-ul 6 85 2990.1222 21936635.9207 34 125.454 31.552963806906998 0 0.4956198806134535
191812_5219_x4127_y21100 SSp-ul 5 50 1911.9377 36704978.4227 19 201.6153 19.831715130063607 0 0.5041402638311987
18868_4430_x9829_y7185 SSp-ul 10 147 6451.5578 79117010.6704 46 375.7182 40.68157691142278 0 0.6727976101834584
18868_3871_x26350_y7564 SSp-ul 8 125 5125.6458 101339907.9715 38 396.2113 970.317841508647 0 0.6450420116422065
18867_4513_x27588_y6824 SSp-ul 6 140 5620.8653 99043939.8037 46 449.7312 808.4203423498197 0 0.5670365384975513
18453_4345_x12044_y5189 SSp-ul 6 77 2934.1653 21624021.0273 29 61.3342 36.09141379885223 0 0.5331721934763166
18868_4047_x27203_y7787 SSp-ul 6 179 8090.6921 202098884.5346 49 399.6326 43.30119080348744 0 0.5747526448658394
18867_5169_x12576_y5864 SSp-ul 9 124 5363.9985 147536691.347 40 351.368 36.606844305403015 0 0.5148772610322194
18869_4347_x8166_y4281 SSp-ul 6 171 7312.6416 104282385.9903 53 352.7259 867.194431500226 0 0.5994526226050365
pre_18864_00065 SSp-ul 4 94 3706.8159 29573591.8904 34 129.051 35.75313552683167 0 0.5654587163016764
18869_4036_x8032_y4635 SSp-ul 6 146 6735.0671 177399062.7219 42 350.768 40.841575324661875 0 0.5473215780859162
18868_3799_x26336_y7466 SSp-ul 5 119 5224.1967 130688663.4703 35 297.0774 19.749968354405084 0 0.615556283550346
18869_4410_x8772_y3996 SSp-ul 6 141 6519.3383 112244224.3035 43 399.9738 47.16080258010876 0 0.6083510329471945
pre_18469_00002 SSp-ul 10 203 8660.5949 205733732.6138 61 321.9164 42.87893597094025 0 0.4039065618083129
18864_00025 SSp-ul 6 80 3058.8279 21025517.2406 30 164.5672 55.22703051948381 0 0.41548086094509323
18868_4434_x10947_y6887 SSp-ul 6 127 5270.0594 111185825.3102 40 355.1491 961.8739275497595 0 0.6502861911968956
18868_3931_x26823_y7496 SSp-ul 8 126 5306.5467 90985609.8143 41 356.8693 83.26497868251694 0 0.6377884915103834
18867_4831_x27808_y6496 SSp-ul 10 140 6233.5209 93663534.1131 43 331.0283 6.940381833876346 0 0.6053525463376523
18868_4192_x10967_y7007 SSp-ul 5 116 5305.5635 154680536.5099 32 401.9537 919.1743472405004 0 0.6083793504162233
17109_6601_x5417_y25287 VISal 7 40 1849.1393 14602119.953 11 71.3629 37.17643944758591 0 0.4812029051574863
18453_6675_x8876_y4461 VISal 6 74 2685.3186 18785482.5635 29 131.673 78.55656656193639 0 0.432396644228236
18453_6479_x9010_y4330 VISal 9 64 2414.7575 17371150.7925 23 84.5692 29.041145810728505 0 0.5688932424258778
18453_6537_x8725_y4484 VISal 4 43 1694.837 8019110.8118 17 121.0868 54.04953121905929 0 0.5118728054081582
17300_6010_x23413_y13446 VISal 5 54 2286.4588 28007659.1157 16 211.7226 375.3050700763316 0 0.5680950348153945
17109_6601_x4384_y7436 VISal 2 31 1421.227 11865418.9421 11 120.1261 45.61310803924713 0 0.5764144457177648
18864_6321_x4387_y7047 VISp 9 109 4278.3017 55060087.4192 41 65.7593 42.79033068346117 0 0.44625174249289123
18864_6734_x4899_y27447 VISp 5 69 2732.1589 31366109.7256 26 165.6746 171.42875612043616 0 0.4421205279284654
18453_6477_x30376_y5078 VISp 4 10 399.0466 867320.571 2 85.1506 43.24581021324554 0 0.5792693642461576
18453_7245_x12979_y2864 VISp 5 36 1464.1959 14440209.7833 10 122.1863 118.69710158634851 0 0.4024512274157523
18864_6821_x5144_y6844 VISp 5 56 2347.5813 25763352.691 18 139.7054 60.43414287470291 0 0.4163365869233733
18453_7024_x9012_y4138 VISp 13 143 5848.5422 42423647.8486 45 43.2365 22.602940627272094 0 0.5025555523426837
18453_7010_x8769_y4509 VISp 8 56 2122.3576 17075359.5166 21 100.3313 50.53441277980786 0 0.5223597481325492
18453_6675_x10576_y3102 VISp 6 40 1606.9338 12235117.997 13 61.672 37.638149197323656 0 0.5635351934996308
17300_5969_x27278_y20820 VISp 14 125 5181.2434 58924010.2419 40 120.9243 18.799143624112002 0 0.44030441824081196
18453_7304_x11719_y3749 VISp 9 37 1537.2219 17796584.5602 11 48.678 15.30335946777749 0 0.41025199873801993
18453_6846_x11548_y2831 VISp 5 57 2243.0824 20736572.9769 20 97.2643 44.0338895056976 0 0.6187775667049968
18453_7146_x8788_y4552 VISp 5 64 2588.3869 39936910.304 22 90.877 17.62129819281234 0 0.3992847666531938
18453_7112_x9089_y4667 VISp 6 39 1492.6122 23079840.6252 11 116.1439 58.830561785521496 0 0.4059614704707403
17109_6201_x4328_y6753 VISp 3 21 893.7238 3726541.9359 7 82.072 47.45012802933176 0 0.47954739705903826
18453_7223_x30215_y5120 VISp 8 83 3268.5762 22850055.8293 30 68.4986 12.424835008964946 0 0.48264136350977305
18453_7132_x11495_y3152 VISp 6 45 1706.2384 16399036.6307 15 119.7472 31.623023653661175 0 0.4084984672688083
18453_6748_x28152_y3578 VISp 8 52 1723.0001 15023032.8964 20 94.0275 54.6367415390053 0 0.40161292395540615
pre_18864_00098 VISp 2 8 208.6407 168556.6989 1 49.0489 92.81507501478342 0 0
182725_6819_x6109_y7853 VISp 9 140 5278.9649 49392991.1286 49 269.334 82.26244996959426 0 0.4885809670384436
18452_7249_x11408_y2071 VISp 7 60 2321.6012 11190519.4417 22 103.4264 29.271114174215693 0 0.4956420393694679
18864_5637_x5637_y31619 VISp 9 125 4613.0179 25552832.4603 48 47.0956 29.755109914097225 0 0.4557998790089282
18453_7188_x11060_y3637 VISp 6 56 2230.9295 20958511.3542 20 107.1382 29.977142125291888 0 0.44090312243377544
18453_7007_x11486_y3611 VISp 4 19 923.1866 9304740.8462 5 90.2613 18.180447601750647 0 0.5380552895020138
18864_00119 VISp 8 73 2663.1192 23794439.2777 26 113.1478 44.174280129958085 0 0.5056047183751265
17787_7070_x12739_y1410 VISpm 9 83 3099.0544 14954789.8346 27 121.1325 172.1389374894592 0 0.5086233989238285
18868_6405_x11428_y4397 VISpm 7 175 7220.4211 106027387.2788 58 347.4731 108.4955668449174 0 0.529458840780371
pre_18864_00021 VISpm 7 89 3100.3403 23768647.1099 33 100.8736 77.16571648083104 0 0.43459572437882954
pre_18864_00039 VISpm 4 61 2553.5846 23736440.8759 19 161.8035 185.4101423870875 0 0.3973686592927012
182724_5651_x9832_y25682 VISC 5 186 9553.3131 266396149.7784 48 329.5164 102.99250882952754 0 0.37345725052637035
191812_5154_x9610_y25921 VISC 6 98 4511.9746 71603865.1809 30 214.417 15.629576129888001 0 0.49523416344113835
236174_5738_x11712_y6818 VISC 5 45 1807.7248 12159149.4059 17 78.5029 72.11930428117019 0 0.39628613099995275
18453_4283_x7739_y13735 VISC 9 86 3697.2381 24170988.3027 27 94.6054 17.420246840961127 0 0.5543341584009477
18453_5318_x33682_y14092 VISC 4 29 1315.4386 9377103.2183 9 128.5935 83.14578191345687 0 0.4512184071981129
pre_18864_00225 VISC 6 80 2951.1913 26993911.4763 29 78.6611 24.906148839191882 0 0.5581816868664853
17543_3471_x12087_y3637 VISC 8 41 1648.7903 28922925.2204 12 51.4948 37.7900946016282 0 0.4441720022506135
17781_5548_x15772_y8872 VISC 7 42 1467.4651 12590312.5728 16 57.4006 18.3670016605865 0 0.45665583503354823
191812_4686_x10891_y5452 VISC 10 80 3262.1878 54296013.2359 26 213.0361 28.39007837255823 0 0.40423392097409827
18453_5578_x32997_y13060 AUDv 3 20 817.1129 3859543.0002 6 116.9094 57.82227965931538 0 0.4543904764674697
17109_6401_x7989_y3767 AUDv 4 34 1240.2426 8095818.9106 12 96.8187 15.956602081896122 0 0.3811779125148264
18453_5862_x33046_y12305 AUDv 4 19 696.1766 2991969.1803 8 92.0153 194.38395034055728 0 0.559453176028829
18453_6229_x34471_y10482 AUDv 7 89 3262.08 21452578.2891 32 97.0678 41.36664388127278 0 0.37802202461606127
17109_6401_x7641_y3978 AUDv 5 37 1421.3936 7569661.4636 12 118.4118 18.251809499334584 0 0.5412436215802059
17782_3672_x34784_y19432 CLA 7 28 737.1534 897943.0479 11 43.2084 25.796250211997783 0 0.49023023840307883
236174_4029_x13079_y8858 CLA 4 25 760.7913 1732533.0822 10 53.9182 15.500504024063293 0 0.47601739578875385
236174_4229_x13663_y8589 CLA 8 37 1112.7976 1942944.6702 15 48.6779 37.812089997777264 0 0.5026665236544379
17109_3101_x10824_y7188 CLA 5 47 1775.8921 5816415.7313 18 112.6917 104.5676625444025 0 0.4145309142931538
17781_4095_x17570_y12460 CLA 7 52 1733.0145 7814292.9923 22 50.133 16.319198816118128 0 0.467315220455008
236174_3829_x16301_y26647 CLA 7 34 951.2863 1743282.7604 15 51.8282 19.18408063994841 0 0.438942575855883
17109_2601_x10213_y8783 CLA 4 35 1199.3821 3207994.9755 14 108.756 142.34141860330013 0 0.5715554951180434
236174_3447_x12562_y10626 CLA 4 20 706.3661 2258209.5476 7 84.2561 57.912504262896164 0 0.4207202473497696
236174_4429_x13147_y8003 CLA 4 37 1661.6301 2950618.1664 12 153.1899 55.967994648727256 0 0.6050295349912646
236174_3729_x13645_y9551 CLA 8 33 962.9653 2010010.5477 14 82.4326 58.272505738126554 0 0.5341537742450676
236174_3536_x15159_y25525 CLA 6 80 2970.6088 18517492.9301 31 86.2746 54.49278530227732 0 0.5324203783199046
236174_3229_x11951_y11316 CLA 6 44 1473.1418 4263336.0461 18 74.0313 18.37333053640509 0 0.5084706299094516
236174_3529_x12805_y10541 CLA 4 27 1040.4374 3501866.6406 11 90.8647 61.473166097086796 0 0.4267479318252137
17782_3487_x11014_y17041 CLA 7 48 1597.6517 10310255.0872 18 88.6169 40.41092581221124 0 0.5071348663264867
236174_3429_x12632_y10625 CLA 6 35 1186.8538 3172455.3085 16 17.8568 9.003236917908719 0 0.6008583259304047
236174_3229_x12413_y11831 CLA 8 31 1155.3273 3031104.7706 11 112.7227 46.453788058671805 0 0.5381662330531898
236174_5138_x16501_y28259 CLA 8 27 804.4244 1443183.4299 11 73.6995 46.119642680749045 0 0.4371858156073565
236174_4647_x16405_y27845 CLA 6 45 1585.5817 5283237.7555 17 34.0258 15.605609568356874 0 0.5611695914533573
17782_3651_x35286_y18512 CLA 7 36 1256.5173 7011119.7873 13 86.2958 49.324338819694546 0 0.43699016584646905
17781_00004 CLA 6 21 728.7568 901704.1301 7 80.2181 52.26045062951508 0 0.5178648039553733
236174_3929_x13599_y9165 CLA 13 32 1027.6396 2032582.6033 13 47.7001 30.594526062679872 0 0.4994813255057789
17109_2601_x9296_y24691 CLA 9 77 2908.7543 16732328.1888 31 126.9678 50.85853566511703 0 0.47120961033989
236174_3829_x13590_y9284 CLA 9 27 798.7793 1221377.8379 11 48.6953 18.627499832237152 0 0.5226091978853397
17109_2401_x9695_y9693 CLA 9 55 1838.4688 4501553.2897 24 70.0953 33.23437264339408 0 0.43660570121810527
17109_2500_x9864_y9311 CLA 9 63 2106.6251 6860269.6395 24 43.9534 54.49948990586994 0 0.49202078875188
236174_3729_x12692_y9419 CLA 12 57 1815.6576 5876342.5969 24 80.8922 27.3506626976381 0 0.41417810805154265
236174_3970_x13439_y8678 CLA 8 39 1310.2788 3537973.1326 15 56.0067 17.95859543505635 0 0.5153171473276386
17782_3284_x11909_y16428 CLA 4 34 1151.33 3329079.948 14 79.9771 27.121772176611216 0 0.5878193377829263
236174_3229_x11884_y10380 AId 7 51 1838.4506 8010916.1009 20 99.3961 102.33099689243735 0 0.48592353042341546
236174_3929_x12721_y8845 AId 7 50 1604.4654 3379481.7201 22 100.4553 70.0324242761882 0 0.42681624104719945
17109_2601_x9498_y8169 AId 7 64 2364.9529 15253030.6853 24 83.6444 26.756430068303356 0 0.41497345206429104
17109_2401_x9954_y9122 AId 5 35 1295.2902 5695592.2087 13 94.405 73.31065781999243 0 0.4814545354816314
17109_1801_x6698_y12550 AId 8 78 2890.6802 12418590.5399 30 71.8429 49.84106790589461 0 0.4333230359871271
182724_2525_x8483_y21088 AId 8 168 6735.2563 74154726.0852 62 314.0487 37.75843349504826 0 0.5145772001436976
236174_2801_x11376_y11451 AId 4 56 2398.4756 28686170.9849 20 95.4701 132.206894298293 0 0.3917219434596661
17109_1901_x9602_y10508 AId 7 39 1472.7112 8493548.0729 14 62.9733 10.793948536100983 0 0.46213231971086965
236174_3215_x11999_y11133 AId 6 50 1847.1253 9488364.906 17 96.2778 53.51222407076743 0 0.47678765616616403
17109_2301_x9418_y23665 AId 8 53 1716.6014 6671173.6812 23 32.981 15.525927508526044 0 0.47009936038111527
pre_17781_00066 AId 5 49 1638.2695 8075468.9468 20 107.0453 81.85595900727091 0 0.516758035751311
17109_1701_x8048_y22277 AId 3 27 1049.9452 4383397.6385 10 119.5489 122.25097719445867 0 0.4586431842304372
15257_2309_x13266_y25533 AId 6 78 3143.4106 35022433.2156 26 216.3779 17.130740643649826 0 0.56251196440843
17782_3253_x33739_y18314 AId 6 78 2737.8324 15325643.3939 32 122.7704 199.485334172715 0 0.5396519048299429
17782_3138_x32805_y18352 AId 6 41 1513.3268 7805863.2137 14 105.3635 38.847805922599875 0 0.4996854596077734
17109_2401_x9338_y2394 AId 7 44 1410.551 3862700.5391 17 47.17 31.267405152970365 0 0.4565527781670126
191807_2469_x5431_y10056 AId 11 169 6189.4904 75849702.6275 68 366.9667 726.0915862685644 0 0.5349917921098395
18864_00026 AId 3 49 2240.3784 22193566.676 13 212.1408 127.4333219766322 0 0.5054283011089629
17109_2301_x8535_y23051 AId 2 32 1535.7214 11729381.2972 10 147.8795 95.89470345123324 0 0.4700173020716431
236174_2657_x11930_y12250 AId 6 45 1488.6007 4644311.7542 19 82.7777 89.60468305284097 0 0.4054557510710371
182725_2917_x9391_y22263 AId 11 263 11381.7872 204829182.1641 77 280.4052 124.84837574033574 0 0.4075294638124866
236174_3729_x15151_y26698 AId 8 35 1074.7946 1825895.4747 15 59.7806 22.64277809810398 0 0.5455171354164389
18868_3932_x25373_y7132 SSp-ll 7 238 10143.527 151821684.6241 76 556.0749 971.8101936206474 0 0.5879812759389809
182725_4390_x5078_y18459 SSp-ll 8 135 5172.1365 51070335.8382 44 281.265 128.41445265233972 0 0.5555388396265867
191812_4445_x5426_y10324 SSp-ll 3 42 1736.2061 20557858.9627 14 290.2766 41.876133417496995 0 0.6491273546254948
182725_5012_x5980_y10427 SSp-ll 8 188 7578.698 114853650.9774 62 275.2295 35.662979754922276 0 0.4266180949066331
182724_5355_x5321_y20589 SSp-ll 8 47 1641.4408 9275929.5786 17 230.5574 39.91714857050778 0 0.661887138047938
182724_4785_x5002_y11122 SSp-ll 8 228 9945.8447 104432780.9967 77 319.2404 152.27388326630387 0 0.4963009211324447
pre_18864_00018 SSp-ll 5 106 4618.5301 101056646.8484 35 103.7531 36.354793700418504 0 0.4124603429256658
18867_4473_x25161_y6054 SSp-ll 9 128 4857.4792 62037399.1393 46 482.106 96.0711802519363 0 0.6179325549709139
18868_4317_x23980_y6346 SSp-ll 10 135 5932.2618 114907612.3524 41 349.881 114.94036899627574 0 0.5766727985249855
18461_4862_x17603_y2198 SSp-ll 6 69 2449.1732 19679750.8526 26 87.3479 51.811578339209106 0 0.5296800086011727
191807_4821_x3698_y18726 SSp-ll 3 61 2920.2873 95297759.6292 15 332.6141 17.873780377972796 0 0.6014630113385742
18453_4711_x14090_y3943 SSp-ll 5 68 2504.7239 16736922.8981 27 53.761 152.53619742539777 0 0.6553573594383301
182724_5410_x4393_y11075 SSp-ll 8 98 3784.6591 40928856.2397 32 216.3295 46.15548450617756 0 0.5204418096066361
18869_4997_x13063_y4444 RSPv 9 153 6813.0983 146345391.5129 50 193.9726 55.765418719848086 0 0.3754034491563641
18869_5482_x15126_y4142 RSPv 4 37 1834.0497 49215160.6489 9 113.6926 31.137893714893522 0 0.5505813518017313
18867_5867_x21009_y6208 RSPv 13 172 6588.5151 70550938.2542 57 180.1595 14.967377859865607 0 0.4289412461558017
18868_6000_x19811_y5444 RSPv 8 174 7651.9272 137368935.8686 58 165.517 238.13630482351883 0 0.3782091812171302
18867_6007_x18415_y4843 RSPv 8 209 9468.58 181583587.1489 61 209.6895 139.7933704615493 0 0.39935723409693663
18867_5486_x20836_y5690 RSPv 8 233 10309.3825 114561995.5481 76 174.4675 31.114906797224624 0 0.3716602374830803
18867_5640_x21236_y5683 RSPv 12 188 8028.2988 129263472.6107 62 207.3476 32.626942854028094 0 0.4049468913641114
18453_6576_x22528_y4353 RSPv 4 23 791.9033 2666728.4555 10 76.4027 91.29194466654783 0 0.6095636513048717
18869_5444_x13271_y3998 RSPv 12 215 9864.9341 131580721.4273 69 167.7212 30.59186043705118 0 0.37352069757785933
18868_5983_x17523_y5085 RSPv 8 216 8466.9542 76855624.8059 74 184.008 36.53506397968953 0 0.42063141626180384
18867_6085_x20833_y6331 RSPv 8 169 6260.8007 51646916.2101 65 155.6867 64.85467407982283 0 0.40546281309600674
18867_6003_x18592_y6204 RSPv 11 188 7199.1697 97019997.0279 67 159.7252 124.45556857770582 0 0.46159881038756223
18869_5802_x13547_y4406 RSPv 11 148 6034.5457 72616443.0101 53 202.7584 68.66518531978242 0 0.4697856942644434
18867_5665_x20882_y6561 RSPv 8 160 6067.9056 48316260.7115 61 163.5617 28.7885884509814 0 0.37404752358587445
18868_5965_x17541_y6435 RSPv 8 179 7316.5228 132653197.267 60 205.0964 129.1525474971365 0 0.4943253028547457
18869_6291_x15236_y3478 RSPv 8 148 6079.4087 85509071.1498 50 169.961 112.74595968370615 0 0.4825104567422876
18869_5694_x15073_y4098 RSPv 8 99 4326.8589 106956749.1651 29 171.7864 136.471911487309 0 0.5167689065002451
18869_5684_x13521_y3699 RSPv 8 111 5214.4194 142720196.0215 34 193.1305 272.8417492796871 0 0.4435276238513694
18867_6413_x20950_y6015 RSPv 8 147 5901.4176 74505501.999 52 185.3202 243.77640205729514 0 0.3926074774469317
17788_5767_x16636_y3662 RSPv 8 92 3320.8852 41037241.7069 32 85.8208 11.384985726825338 0 0.42552247422598216
18868_5397_x19819_y6085 RSPv 7 152 6473.0964 93833851.9159 50 167.6889 52.18828244922462 0 0.41346666909835345
18868_5369_x19532_y5532 RSPv 12 241 10036.4952 135682994.321 79 160.5294 24.92431643997521 0 0.4100452309305051
18868_6196_x17668_y4955 RSPv 4 88 3994.9262 70730074.9235 30 188.6155 33.27199460507323 0 0.4566740716804046
18453_5841_x19468_y3419 RSPv 3 16 646.9913 1346705.4767 5 124.8743 43.88005270051559 0 0.5224523863662163
17300_5896_x24862_y27320 RSPv 10 114 3903.4692 20850084.2926 44 54.4709 43.369992506340814 0 0.47874196959395293
17786_00024 AON 6 50 1739.6826 15548606.9788 16 205.6083 27.880828986958775 0 0.518442494876646
191801_1996_x10466_y16907 AON 6 51 1987.6851 52060776.5426 16 220.7706 17.43968032963851 0 0.3960523977082366
18453_7455_x32866_y9412 VISpor 5 55 1980.65 13899622.6148 20 76.4696 17.771553815015395 0 0.48556053113324416
18864_6956_x8154_y30811 VISpor 5 59 2415.4602 19979575.2755 20 173.4752 198.67020920359442 0 0.4273739005389374
182725_5094_x5532_y11642 RSPagl 9 175 7495.2157 85471428.2585 57 288.1441 93.07335628416976 0 0.4068323432983793
18453_5343_x23330_y3366 RSPagl 5 59 2566.6594 20160628.8202 19 108.9232 36.91988657891642 0 0.4707242163792281
pre_18864_00042 RSPagl 4 66 2398.4561 32365148.1265 25 152.5133 37.47676780353387 0 0.4025391760674687
17781_5894_x11460_y10079 AUDp 5 42 1434.1796 8075573.9438 18 68.8272 49.8905895435202 0 0.38466649341161163
18864_6104_x9372_y1806 AUDp 4 93 3683.8197 34129457.4447 32 136.3174 40.30455836502846 0 0.4618816154120684
18864_6291_x8873_y32149 AUDp 4 59 2229.7569 14877434.4106 22 135.0473 67.50645913540409 0 0.42266693353191154
18864_6733_x9057_y31875 AUDp 5 91 3644.7182 30894076.474 30 84.7102 19.97672771001154 0 0.3688865348507728
17781_6228_x12697_y8412 AUDp 3 25 1033.2868 5203160.9168 8 153.6976 22.11594221370632 0 0.483877026047001
18864_6057_x8520_y2391 AUDp 6 94 4038.5242 53419989.6625 28 154.2851 61.183107627840826 0 0.39081744983458117
18465_00052 CA1 10 114 4156.0771 34478017.1792 45 269.5707 87.62836778692203 0 0.5287383986625415
18465_00053 CA1 11 104 3620.9174 15258592.9257 37 226.6956 82.30358011654108 0 0.5513589989953496
18453_5317_x24548_y3717 SSp-tr 6 30 1166.3107 5786729.9357 10 92.3019 170.85837797720026 0 0.5199915230796165
18452_5511_x26566_y3403 SSp-tr 6 56 2019.8483 13064536.0844 23 86.9465 17.635568462626814 0 0.37188459098827
191812_5922_x4572_y8645 SSp-tr 5 47 1738.9158 17133215.7107 16 254.2923 413.3281240431142 0 0.5286897073944338
18453_6756_x7677_y5336 VISrl 5 48 1973.5128 15054882.1193 16 124.4852 28.80853823087953 0 0.43957983853399546
17109_6301_x4756_y24516 VISrl 7 27 997.7565 9390994.6749 9 100.8258 65.15952598047346 0 0.44070320507332117
18461_7132_x6338_y3287 VISrl 5 17 730.2113 10452048.6182 4 98.7828 26.734720888761636 0 0.45593799702619
18453_6181_x10238_y3690 VISrl 7 60 2161.3582 26423008.6305 22 98.9095 39.45030101279329 0 0.4729990791600505
18453_6561_x9442_y3817 VISrl 6 58 2238.6878 14070106.0215 21 73.2767 52.3082099196678 0 0.5441411467556667
18453_6604_x9161_y4006 VISrl 6 78 3014.946 14913561.7713 29 94.293 50.91749478322737 0 0.46384185842918496
18868_6019_x9541_y5296 VISrl 9 152 7041.7138 129216231.3482 43 296.7986 39.50836936650241 0 0.48634373895200195
18457_00116 SI 2 4 55.6218 154398.9582 1 371.9954 575.7916261339689 0 0
18452_4272_x26686_y20064 PIR 6 30 1274.3351 6506569.6752 9 71.0169 18.59766248752784 0 0.491646776236661
17781_6270_x9494_y43380 AUDd 3 20 614.7722 1368442.2056 8 55.3898 14.140113153720732 0 0.5751330239150505
18864_5692_x8806_y3272 AUDd 3 22 786.1389 2307593.7524 9 111.7806 49.462683661523926 0 0.49235165096118927
18864_5242_x9483_y31549 AUDd 7 65 2364.508 12561231.7147 25 192.9322 45.588940819018774 0 0.5546654666864645
pre_18864_00180 AUDd 4 52 2286.9702 16621772.8612 15 175.6798 24.77168242166839 0 0.6351834755133366
pre_18864_00046 VISam 6 52 2117.8475 25461035.4787 17 154.0827 87.60459220839967 0 0.3977035620471753
18453_5941_x24629_y3152 VISam 3 25 1112.5935 8237822.2985 8 211.9524 55.44679273862454 0 0.5104377969995789
18453_5995_x24812_y3143 VISam 5 61 2318.1348 27032739.4608 22 133.864 23.184267834029338 0 0.44402150772620086
pre_18864_00048 VISam 9 60 2303.9723 24916370.4923 21 107.6868 40.263072721788156 0 0.4041254643391056
18453_6040_x24821_y3042 VISam 5 58 2312.1817 30474496.5524 17 126.7047 210.86885657915437 0 0.37545010475219165
191803_8254_x7045_y21580 PAR 9 77 3453.4111 35962937.4065 22 82.1225 28.698012561847744 0 0.5013983330397248
17109_7001_x5738_y6470 VISl 3 24 948.6672 6022361.7945 9 58.8905 34.09818800171061 0 0.43791242132347785
18864_00117 VISl 5 94 3807.5077 31842880.7187 34 115.643 57.60500542487607 0 0.475990078375933
18453_6746_x8555_y4741 VISl 7 64 2148.1857 10428971.9454 26 116.4933 58.74167111174151 0 0.38633058149626304
18864_6805_x6340_y4681 VISl 6 95 3947.0271 53387853.9902 30 98.4705 22.651848710425458 0 0.5110064533131319
17781_6866_x8954_y41812 VISl 6 23 835.9301 3080270.5051 7 48.67 32.8472742400343 0 0.5575318414130429
182724_2383_x9300_y17890 ORBvl 8 118 5066.0233 111067598.4391 38 228.5456 54.468273334116276 0 0.41650707631661615
18868_2593_x15801_y13755 ORBvl 5 123 5165.4757 51544933.8961 38 276.1361 75.50331946345138 0 0.6000986325195615
18868_2559_x15436_y13207 ORBvl 8 132 4766.9016 68316405.7637 44 294.1466 502.3595944639655 0 0.49770126895083167
17781_6643_x22317_y12822 TR 4 77 3800.6302 47442277.0591 20 349.1218 494.7999535226334 0 0.560978893906292
17781_6627_x22762_y14486 TR 3 21 1120.4407 8910960.4318 4 228.4557 197.97099067792672 0 0.6772931551555402
17781_6626_x22318_y13682 TR 6 53 2206.7227 26739184.3429 16 232.6809 33.1026664333854 0 0.5828505960276847
17781_6881_x22248_y12698 TR 4 54 2751.5296 18954976.3635 13 283.1194 67.41669055953426 0 0.5801040220092655
18869_4054_x19963_y5080 SSp-un 6 140 6564.4105 152335754.2214 40 414.4854 106.59915478088904 0 0.5895006652285018
18864_00023 SSp-un 5 59 2264.4606 17723723.2767 20 202.4984 64.75884128827494 0 0.4071527609234783
191807_5629_x4661_y9410 SSp-un 7 68 2602.6595 22791007.7447 23 232.3988 63.43369628990575 0 0.5657147973533704
191812_4775_x5212_y22490 SSp-un 7 91 3884.278 71113875.2559 31 251.96 28.10598290400111 0 0.5263972849708158
18867_4776_x28359_y6621 SSp-un 10 150 5429.3651 76401792.5749 54 388.2071 797.2251249176735 0 0.6010639409925558
182724_4580_x5627_y9427 SSp-un 15 167 7315.6799 95080818.4177 52 343.5056 19.78345268147102 0 0.5425905035478626
18867_4889_x28329_y6770 SSp-un 8 144 6032.8195 108714437.4574 45 373.2172 131.55250453716167 0 0.5929916982527126
18869_4426_x7611_y4421 SSp-un 8 135 6018.4053 114374605.0085 40 333.7036 50.33822752143698 0 0.6020701221559477
18867_5654_x12080_y5724 SSp-un 7 113 4868.9045 88014800.6092 34 394.6363 68.21907974313321 0 0.6141312638036682
18047_5719_x25513_y7957 SSp-un 6 77 2958.6186 38368346.6183 23 257.5914 42.742653754768114 0 0.6917230697129362
18869_4301_x20547_y5218 SSp-un 10 120 4963.0919 85259152.3211 40 376.8136 101.50857673123019 0 0.6291108066876895
182725_7341_x4593_y22594 VISli 14 191 8262.874 98914997.9318 60 257.0462 32.688865841444766 0 0.3937255934541649
18453_7132_x31679_y7308 VISli 9 50 2096.1841 25352160.1242 16 111.7345 10.947003334245874 0 0.4947453605796739
182724_5937_x3804_y11955 VISa 11 180 6690.9182 69359628.5527 67 275.6582 70.22003560238343 0 0.41351007735047884
18461_6043_x11080_y1667 VISa 11 77 3234.7428 17828718.9305 25 59.6121 17.292366090272296 0 0.5108156923571778
17300_5571_x27063_y39610 VISa 6 68 2966.654 61801244.3475 21 110.1023 28.179968506015246 0 0.4261741676727736
18453_1674_x14446_y9719 FRP 7 126 4680.2598 47864019.7736 45 102.5655 36.31497487263331 0 0.364900522815082
17781_2184_x15071_y19950 ORBl 5 41 1546.644 7933483.0454 15 118.7997 45.444430351804385 0 0.6212307336112091
18868_2584_x14386_y13639 ORBl 10 109 4749.8363 106494759.0675 30 330.426 595.060394960041 0 0.44621444980685987
17781_00001 EPd 5 29 978.5872 4240128.9012 12 67.5209 48.30663826018112 0 0.4378114192584485
236174_4729_x16869_y27809 EPd 6 30 941.1322 2350471.0658 13 63.5817 15.037085522134944 0 0.4790740322667349
236174_3893_x17507_y26071 EPd 5 38 1422.1053 7994342.5223 15 146.1649 33.56792950123769 0 0.5474232577977577
18461_3220_x7596_y9465 AIv 3 43 1898.5535 17252315.6894 11 125.9378 28.996862778583502 0 0.41379218595435924
182725_2581_x9375_y21137 AIv 5 186 8789.4293 258259808.0344 50 310.7822 18.733776981697922 0 0.3870709781583165
18867_6468_x21532_y7741 SUB 4 43 1895.5033 14992123.8759 13 133.8123 226.02120702491578 0 0.48120547607276554
18453_7813_x5799_y12199 ENTl 7 66 2843.2568 39081222.3418 20 186.0905 32.087067877885076 0 0.4085329940043013
18047_7769_x31046_y13195 ENTl 7 116 4109.7119 42989571.4458 43 244.642 52.40375511354116 0 0.5266195139192197
15257_4149_x16164_y21238 ACAd 4 54 2483.9743 31754918.8812 15 236.051 68.29288872203344 0 0.6228025069132888
18047_00047 ORBm 7 134 6206.5176 97800073.9975 35 192.6268 43.69851427680391 0 0.3915465068931264
18864_00057 ORBm 6 76 2950.7851 498943588.602 25 139.7776 149.6757543825986 0 0.8496037518727044
182724_5793_x8695_y5510 ADUv 11 219 9574.3579 158192608.0168 73 353.7567 60.18430360152056 0 0.4286179750933702
17781_3668_x9453_y17266 SSp 6 52 2418.114 33554413.6708 13 207.1812 74.23362731943023 0 0.4871714999501769
18453_7692_x10145_y15241 ENTm 4 23 910.0897 4818758.2048 5 81.9505 60.26276192641768 0 0.519282885300929
236174_4266_x13848_y8550 AIp 7 31 975.6077 2822214.3438 13 45.4659 24.377375268883732 0 0.4129574271437719
236174_5338_x13590_y7348 AIp 10 47 1559.1889 5021386.3139 19 74.2369 42.85610283261924 0 0.44808955201905937
18047_4458_x18853_y10785 ACAv 6 107 4058.2016 69885210.2823 39 221.6072 59.44908010221893 0 0.5378707310141846
18453_3848_x19057_y7025 ACAv 7 74 2921.1057 15211076.7339 26 76.8745 0.007071067811376712 0 0.4990032595436556
17109_6501_x6997_y4287 AUDpo 3 20 849.2904 5990521.4239 8 99.0748 38.12659209790471 0 0.39590439987889625
236174_4129_x16214_y10304 FS 11 55 1884.8423 222502612.2954 21 239.2508 32.33260506052678 0 0.9124599176586254
