15257_2226_x16029_y23953 2953.520 2879.020 3753.050
15257_2309_x13266_y25533 3360.520 4078.520 3174.520
15257_2627_x17126_y20600 3426.950 2009.280 5138.980
15257_3271_x15413_y13333 4440.120 2628.000 8036.300
15257_4021_x16401_y21556 5478.520 1682.570 4882.100
15257_4149_x16164_y21238 5674.520 1737.720 5003.650
15257_4397_x16794_y21812 5906.850 1339.680 4785.700
15257_4485_x16442_y16836 5973.880 1427.100 6585.300
15257_4500_x16614_y17147 5979.800 1331.780 6464.420
17109_1701_x8048_y22277 2820.180 3990.050 7795.550
17109_1801_x6698_y12550 3003.120 3453.770 4191.800
17109_1901_x9602_y10508 3183.950 4764.250 3375.820
17109_2201_x8046_y23301 3479.620 3790.730 8126.500
17109_2301_x8535_y23051 3562.350 4013.730 8007.980
17109_2301_x9418_y23665 3535.430 4363.250 8328.100
17109_2401_x8977_y24184 3737.100 4093.520 8497.250
17109_2401_x9338_y2394 3727.100 4285.150 8300.920
17109_2401_x9695_y9693 3879.000 4732.100 3261.880
17109_2401_x9954_y9122 3832.800 4865.830 2947.770
17109_2500_x9864_y9311 3930.450 4806.400 3081.000
17109_2601_x10213_y8783 4126.170 4934.650 2859.570
17109_2601_x9296_y24691 3998.120 4142.300 8708.080
17109_2601_x9498_y8169 4160.400 4654.170 2645.730
17109_3101_x10824_y7188 4866.080 5111.020 2283.250
17109_3701_x9228_y26684 5291.920 3768.850 9538.470
17109_4101_x6753_y6197 6037.480 3118.300 2125.350
17109_4764_x6621_y5727 6806.920 2987.200 1964.680
17109_4772_x9038_y27257 6566.080 3493.150 9725.550
17109_6201_x4328_y6753 9260.580 1814.680 2845.550
17109_6301_x4756_y24516 8614.050 1527.880 8583.650
17109_6401_x7641_y3978 9096.250 3343.180 1533.030
17109_6401_x7989_y3767 9028.030 3275.950 1457.120
17109_6501_x6997_y4287 9152.620 3034.450 1570.250
17109_6601_x4384_y7436 8783.030 1785.600 2531.850
17109_6601_x5417_y25287 8962.830 1845.200 8970.280
17109_6801_x7432_y4405 9533.300 3203.020 1673.530
17109_6901_x7203_y26714 9248.900 2556.020 9601.830
17109_7001_x5738_y6470 9733.450 2493.900 2500.730
17109_7001_x6205_y5194 9757.480 2722.180 1932.780
17300_3426_x20339_y44872 5354.050 3600.680 9876.050
17300_3514_x19676_y45282 5454.700 3748.020 9976.880
17300_5571_x27063_y39610 7845.580 1084.250 8362.250
17300_5896_x24862_y27320 8308.120 1610.820 5457.000
17300_5969_x27278_y20820 8162.770 794.875 4004.320
17300_6010_x23413_y13446 8363.750 1941.550 1893.570
17302_00001 5127.980 4972.750 9085.900
17302_00002 4999.400 5010.580 9060.300
17302_00003 5143.730 4929.400 9214.000
17302_00005 4939.750 4732.020 8835.580
17302_00006 5222.520 4698.300 9069.600
17302_00007 5270.670 4716.520 9040.530
17302_00009 5070.420 4553.950 8955.700
17302_00010 5068.300 4388.380 8871.700
17302_00011 5252.000 4526.480 9084.280
17302_00013 5113.150 4445.200 9005.670
17302_00014 4809.950 4174.230 8894.230
17302_00015 5233.420 4152.450 9032.600
17302_00016 4993.330 3848.300 8884.880
17302_00017 6886.200 4689.350 9512.720
17302_00018 5181.420 5271.480 8659.400
17302_00020 6765.770 4762.900 7519.420
17302_00021 6678.050 4544.900 7455.580
17302_00023 6444.670 4579.600 6285.920
17302_00024 5847.880 4685.270 5577.880
17302_00025 6229.200 4102.850 5479.170
17302_00027 4965.550 4418.150 8798.200
17302_00030 4277.580 4475.450 8436.950
17302_00031 4919.500 4275.170 8502.300
17302_00032 4341.920 4080.250 8516.170
17302_00033 4252.520 4342.500 7857.080
17302_00035 8372.850 4043.980 7857.080
17302_00036 8208.530 3948.430 7956.230
17302_00037 7130.480 3579.250 8139.830
17302_00038 8386.830 3660.730 8053.620
17302_00039 7625.450 3302.750 8118.250
17302_00040 7894.900 3219.700 7893.330
17302_00041 7831.080 3163.450 7982.670
17302_00043 5287.380 3614.180 8356.120
17302_00044 4709.880 3528.000 8286.970
17302_00045 4663.700 3675.320 8113.850
17302_00046 5730.270 3187.620 8364.600
17302_00047 5220.850 2862.380 7905.500
17302_00048 7305.650 3014.450 8020.420
17302_00049 7649.730 3017.500 7927.420
17302_00050 4245.920 4214.980 7447.100
17302_00052 8356.220 3690.700 7741.500
17302_00053 6807.650 3933.480 7516.230
17302_00054 7294.080 4085.020 7239.120
17302_00055 4977.600 3274.070 7505.730
17302_00056 5004.170 3048.450 7718.300
17302_00057 4712.830 3089.050 7476.770
17302_00059 4295.600 3412.000 7042.420
17302_00062 5183.020 2938.570 7170.920
17302_00063 5210.270 2758.850 6988.950
17302_00064 7251.980 2916.600 7879.800
17302_00065 7200.400 2903.120 7803.770
17302_00066 7652.200 2959.620 7830.400
17302_00074 4588.550 4816.750 4179.270
17302_00075 5071.250 4735.420 2874.730
17302_00076 8126.020 3867.180 3695.450
17302_00077 8085.620 3800.800 3674.950
17302_00078 7562.050 3751.450 3466.070
17302_00079 8390.530 3765.620 3414.380
17302_00080 8078.730 3756.550 3366.250
17302_00081 5230.750 5233.500 2467.880
17302_00085 5700.700 4770.050 2511.800
17302_00086 5140.450 4671.480 2610.730
17302_00091 5216.400 4245.400 2562.880
17302_00093 5271.150 4722.770 2422.520
17302_00094 5204.350 4730.770 2392.570
17302_00095 5210.200 4633.750 2437.150
17302_00096 5001.170 4624.250 2375.100
17302_00097 5308.580 4663.300 2293.250
17302_00098 5155.400 4271.550 2419.750
17302_00099 6938.850 4569.020 2215.270
17302_00101 4604.100 3491.100 4454.150
17302_00102 4486.850 3227.230 4098.250
17302_00103 5651.230 2650.070 4380.330
17302_00105 3990.100 4270.650 3557.850
17302_00106 4943.550 3503.700 3961.000
17302_00108 4509.920 4032.400 2964.820
17302_00110 4691.900 3770.100 3368.180
17302_00112 7295.050 3655.880 3800.650
17302_00113 6821.330 3710.770 3665.250
17302_00114 7094.380 3665.400 3619.980
17302_00115 7341.770 3646.450 3661.450
17302_00116 7522.300 3655.650 3626.020
17302_00117 7425.980 3390.320 3389.380
17302_00118 7877.400 3432.550 3256.650
17302_00119 7754.770 3036.600 3739.180
17302_00120 7646.270 2926.000 3705.000
17302_00121 7572.670 2953.850 3657.450
17302_00123 4777.050 3207.120 3974.750
17302_00124 5211.480 3512.600 2864.930
17302_00125 7564.230 3094.070 4020.050
17543_2434_x11441_y5587 3222.150 5183.450 2130.650
17543_3308_x10077_y3766 4307.350 5006.880 1587.430
17543_3471_x12087_y3637 4257.080 5990.380 1449.450
17543_3705_x9619_y20864 4403.100 4708.670 9396.580
17543_3828_x6023_y17044 5507.520 2892.250 7550.520
17543_3842_x7369_y3542 5664.420 3454.350 1822.750
17543_4868_x6727_y21047 6610.500 2742.500 9645.620
17543_4926_x5833_y20277 6865.920 2227.850 9285.930
17543_5296_x5131_y20385 7491.270 1684.120 9354.150
17543_5334_x5066_y20381 7560.880 1635.430 9352.450
17545_00001 5193.750 5415.650 9103.700
17545_00003 7123.000 5119.520 7932.980
17545_00004 5015.850 5133.330 9096.970
17545_00006 5014.980 4803.480 9100.800
17545_00007 5204.580 5034.450 9051.620
17545_00008 5291.170 4982.850 9110.600
17545_00023 5099.170 4339.230 9212.580
17545_00024 5127.450 4183.230 9058.030
17545_00025 4860.950 3947.600 8927.080
17545_00026 5174.000 4012.230 9115.570
17545_00027 5646.750 4962.950 9402.880
17545_00028 7020.670 4640.520 9468.220
17545_00029 5522.270 4265.650 9070.530
17545_00030 5190.300 3783.600 8913.770
17545_00040 4487.800 5180.750 8500.950
17545_00041 4808.600 4953.650 8943.200
17545_00044 5384.080 4836.330 8615.030
17545_00045 5084.250 4495.550 8898.580
17545_00046 4392.380 4228.150 8668.530
17545_00047 4592.380 3993.430 8677.530
17545_00048 4142.750 4185.000 8201.050
17545_00050 4999.450 4217.170 8497.030
17545_00052 4186.300 4937.950 7675.850
17545_00053 4643.580 4241.670 7379.880
17545_00054 7144.100 4203.000 8303.330
17545_00055 7077.400 3974.230 8318.720
17545_00056 7204.600 3935.400 8152.850
17545_00057 6835.230 4722.900 7395.420
17545_00058 7174.450 4206.020 7873.020
17545_00059 4489.330 3455.070 8260.830
17545_00060 4205.170 3607.980 8104.100
17545_00063 5476.330 2917.880 8001.520
17545_00064 4063.250 3556.620 7896.480
17545_00065 4980.900 3571.200 7399.800
17545_00066 4806.170 3119.820 7739.880
17545_00067 5552.100 2812.180 7447.730
17545_00068 4879.230 3144.070 6997.900
17545_00071 7039.800 4229.380 7193.480
17545_00073 7311.500 4394.580 9754.500
17545_00074 7404.730 4316.770 9777.120
17545_00075 7393.170 4077.480 8280.470
17545_00078 7255.920 3894.250 8212.620
17545_00081 8192.100 3947.250 8172.400
17545_00082 8431.900 3960.430 8127.150
17545_00084 7420.200 4709.380 7398.750
17545_00085 7637.700 4760.900 7620.050
17545_00088 7656.950 3585.680 8521.380
17545_00089 7289.200 3601.500 8157.500
17545_00091 7860.900 3577.120 8146.850
17545_00092 7883.980 3754.550 8321.650
17545_00093 7608.670 3197.150 8183.880
17545_00094 7751.050 3242.020 8264.750
17545_00095 7767.550 3463.300 8009.250
17545_00110 6944.270 4352.950 4386.670
17545_00111 4268.520 3145.550 4230.300
17545_00113 4172.350 3385.620 4017.380
17545_00115 4085.350 5195.480 3636.700
17545_00116 4635.850 4785.170 3060.570
17545_00118 4931.080 5299.170 2780.320
17545_00119 5123.580 5013.420 2804.900
17545_00120 5512.380 5156.620 2981.680
17545_00121 5622.100 4937.500 3049.400
17545_00122 5131.150 4935.300 2908.300
17545_00124 5175.950 4835.770 2572.500
17545_00125 4998.270 4787.620 2568.250
17545_00126 5136.620 4676.100 2637.600
17545_00129 5280.980 4829.770 2689.320
17545_00130 5078.000 4532.730 2848.520
17545_00131 5053.230 4451.550 2831.250
17545_00132 5025.670 4472.050 2795.380
17545_00136 5050.020 4649.500 2603.100
17545_00138 5114.400 4591.100 2537.120
17545_00140 5157.670 4544.250 2598.100
17545_00142 7259.120 4886.150 3874.270
17545_00143 4440.650 4080.880 2932.100
17545_00144 4811.050 4280.600 3227.850
17545_00145 5075.350 4076.520 3105.930
17545_00146 4927.900 3951.880 3182.930
17545_00147 4260.920 3632.380 3374.770
17545_00149 5257.980 3637.200 3134.120
17545_00150 4969.770 3896.050 2911.000
17545_00154 7088.650 3805.900 3864.270
17545_00155 5532.770 3670.520 2840.930
17545_00158 4926.650 2940.380 4371.550
17545_00159 5562.480 2770.200 4093.230
17545_00162 8078.670 4333.580 3835.450
17545_00163 8444.050 4051.600 3651.250
17545_00164 8707.880 4472.150 3350.320
17545_00165 8558.470 4349.900 3385.620
17545_00166 8520.500 4281.380 3355.620
17545_00168 7235.100 3725.500 3589.850
17545_00169 7808.770 3882.070 3761.000
17545_00170 7772.200 3521.950 3693.600
17545_00172 7382.020 3926.500 3532.320
17545_00173 8165.550 3606.800 3345.680
17545_00174 7534.670 3180.650 3553.230
17545_00175 6348.980 4853.650 6268.120
17545_00176 7280.330 3412.480 3973.570
17545_00177 6085.250 4240.550 6052.520
17545_00178 6221.520 5102.880 5293.550
17545_00179 8006.270 3717.930 3516.750
17545_00180 6267.230 5094.350 6273.880
17781_00001 4160.350 5744.000 3401.300
17781_00003 3818.600 4002.850 8063.900
17781_00004 5983.050 5034.800 2017.800
17781_2184_x15071_y19950 2789.120 4329.580 3975.800
17781_2491_x13559_y38398 3085.380 3813.430 8775.080
17781_3668_x9453_y17266 4789.980 2684.400 3537.800
17781_3819_x16144_y41186 4839.950 4291.800 9377.000
17781_4095_x17570_y12460 5258.620 5033.200 2168.930
17781_4710_x13766_y10574 5969.750 3805.700 1733.900
17781_4874_x11466_y11924 6236.980 3172.730 2173.320
17781_5166_x11993_y10858 6546.080 3280.930 1891.150
17781_5361_x17741_y11849 6865.700 4975.020 2267.230
17781_5548_x15772_y8872 7019.400 4415.770 1353.880
17781_5655_x10641_y11102 7145.300 2898.020 1965.450
17781_5894_x11460_y10079 7452.920 3124.150 1692.800
17781_6028_x9772_y42888 7422.500 2449.900 9702.300
17781_6202_x7633_y12296 7775.200 1967.180 2234.350
17781_6228_x12697_y8412 7925.300 3449.050 1227.300
17781_6262_x6896_y13574 7853.200 1725.950 2598.180
17781_6270_x9494_y43380 7736.400 2344.500 9869.200
17781_6287_x8230_y11645 7926.100 2175.180 2042.850
17781_6325_x14423_y8278 8081.330 3922.950 1273.120
17781_6355_x6443_y33777 7913.800 1590.970 7280.800
17781_6626_x22318_y13682 8501.080 6133.600 2738.300
17781_6627_x22762_y14486 8479.330 6271.920 2909.800
17781_6643_x22317_y12822 8534.100 6141.380 2513.450
17781_6802_x8324_y14113 8631.580 2183.320 2838.550
17781_6866_x8954_y41812 8493.600 2210.100 9420.120
17781_6881_x22248_y12698 8835.650 6083.750 2482.880
17781_7132_x8998_y15272 9072.400 2340.020 3156.620
17781_7281_x18241_y11406 9394.830 4908.480 2308.850
17782_3138_x32805_y18352 3466.200 4394.750 2901.570
17782_3253_x33739_y18314 3600.570 4395.080 2688.050
17782_3284_x11909_y16428 3403.570 4096.620 8425.480
17782_3352_x11384_y16404 3475.820 4120.520 8556.330
17782_3487_x11014_y17041 3620.300 4300.300 8637.080
17782_3651_x35286_y18512 4092.550 4531.000 2396.450
17782_3672_x34784_y19432 4077.250 4806.920 2504.600
17786_00001 2070.270 4919.050 6915.380
17786_00017 2080.120 5050.900 6820.920
17786_00022 1947.930 4388.080 4373.700
17786_00024 2176.000 4276.230 4401.350
17787_00007 6375.850 3650.480 9226.020
17787_00013 4650.770 3773.200 7207.620
17787_00014 4598.270 4123.450 7655.330
17787_00019 4759.800 3802.480 2491.700
17787_00026 6228.170 4490.750 9534.650
17787_00029 6176.650 4991.120 9469.850
17787_00048 4552.100 4836.400 2559.050
17787_00049 4777.200 4875.080 2291.270
17787_00050 4743.520 5092.850 2545.270
17787_4521_x5172_y12873 5230.050 4588.620 9968.800
17787_4690_x4440_y9176 5233.650 3254.400 10267.000
17787_7070_x12739_y1410 8416.050 324.525 7290.650
17788_3709_x6000_y8213 4027.930 2966.270 9154.470
17788_4719_x3512_y9492 5321.020 3395.730 9888.080
17788_5059_x3960_y6601 5620.670 2447.750 9794.600
17788_5767_x16636_y3662 6519.800 1188.450 5802.800
18047_00047 2388.300 3208.250 6035.670
18047_2622_x11862_y12983 2730.050 2453.750 7377.080
18047_3132_x24052_y12385 3583.750 2461.070 3521.880
18047_4141_x14168_y9063 4750.600 1320.070 6507.170
18047_4458_x18853_y10785 5328.480 2131.980 5275.620
18047_5719_x25513_y7957 7025.420 1508.200 2990.570
18047_7769_x31046_y13195 9449.100 4077.400 1589.050
182724_2238_x7096_y20268 2166.200 3167.200 7522.900
182724_2247_x6785_y11803 2504.880 3006.120 3741.050
182724_2333_x7081_y21185 2248.850 3109.200 7974.100
182724_2383_x9300_y17890 2682.450 4332.400 6441.050
182724_2494_x6419_y20983 2430.700 2702.270 7882.450
182724_2525_x8483_y21088 2624.700 3845.050 7952.700
182724_2526_x7529_y21792 2509.050 3306.820 8290.830
182724_2670_x5615_y13225 2943.270 2243.850 4410.880
182724_2926_x5279_y13761 3229.450 1983.120 4649.300
182724_2997_x5821_y12613 3452.380 2251.750 4175.520
182724_3848_x8903_y23965 4172.420 3848.770 9448.380
182724_3887_x5901_y10339 4690.080 2165.430 3304.680
182724_4327_x4847_y18972 4725.770 1469.680 7033.380
182724_4472_x5247_y12162 5280.380 1658.380 4164.200
182724_4580_x5627_y9427 5515.750 1911.350 2979.250
182724_4599_x8181_y6776 5700.700 3419.230 1773.500
182724_4785_x5002_y11122 5667.520 1489.550 3730.620
182724_5355_x5321_y20589 5984.950 1629.470 7885.270
182724_5410_x4393_y11075 6357.170 1112.400 3735.620
182724_5651_x9832_y25682 6295.230 4116.080 10295.200
182724_5793_x8695_y5510 7194.270 3594.500 1381.180
182724_5937_x3804_y11955 6958.550 811.325 4146.800
182725_2241_x9113_y11193 2478.020 2944.600 3427.570
182725_2376_x10033_y10786 2706.680 3362.120 3179.570
182725_2390_x8944_y12077 2666.000 2968.230 3885.700
182725_2581_x9375_y21137 2612.000 4291.550 7779.450
182725_2917_x9391_y22263 3030.150 4355.830 8333.000
182725_3680_x13452_y7614 4606.770 4679.750 1802.600
182725_3762_x5563_y19178 4243.330 2000.180 7317.850
182725_4080_x6576_y11407 4861.120 1394.100 4423.520
182725_4160_x5717_y19181 4841.580 2106.950 7322.420
182725_4290_x5671_y18488 4976.800 1939.100 7056.270
182725_4390_x5078_y18459 4992.300 1574.970 7090.730
182725_5012_x5980_y10427 6067.580 1034.250 4196.950
182725_5094_x5532_y11642 6068.200 965.900 4710.880
182725_6819_x6109_y7853 8776.880 1112.280 3083.980
182725_7341_x4593_y22594 8777.220 2010.930 9578.150
18452_3926_x14445_y21337 4136.520 7319.580 7224.730
18452_4002_x10332_y17479 4640.830 5647.650 8546.350
18452_4126_x15225_y20986 4442.480 7218.020 6891.500
18452_4272_x26686_y20064 4623.730 6839.250 3057.430
18452_4536_x11274_y21067 5135.120 7166.200 8222.400
18452_5511_x26566_y3403 6369.730 796.275 3254.270
18452_7249_x11408_y2071 9653.850 616.975 7781.170
18453_1641_x24165_y10580 2220.180 2866.550 7787.350
18453_1643_x24077_y11694 2198.480 3319.380 7801.550
18453_1674_x14446_y9719 2090.900 2668.350 4384.050
18453_1924_x22284_y8069 2635.480 1875.300 6970.520
18453_2190_x23739_y8507 3089.950 2022.030 7421.800
18453_2400_x15836_y7243 3201.770 1613.500 4762.670
18453_2428_x13810_y8197 3240.600 2071.750 4155.550
18453_2632_x11687_y8383 3363.270 2245.200 3424.520
18453_2645_x28684_y11703 3628.730 3242.270 9204.700
18453_2713_x27713_y9899 3821.380 2551.230 8732.950
18453_2884_x12998_y7285 3791.820 1727.380 3838.750
18453_2991_x13607_y7348 4022.180 1746.050 4068.430
18453_3021_x27493_y8943 4313.850 2180.900 8513.050
18453_3186_x12745_y7108 4206.650 1695.800 3762.500
18453_3225_x17398_y19713 4038.500 6597.700 5443.300
18453_3316_x8214_y11076 4105.580 3540.400 2183.980
18453_3326_x29413_y10076 4687.080 2607.880 9156.920
18453_3350_x8925_y9653 4206.700 2940.730 2465.400
18453_3456_x24161_y6646 4882.200 1345.100 7237.550
18453_3471_x28224_y8289 4943.670 1950.500 8643.100
18453_3492_x29357_y9198 4931.200 2282.120 9069.880
18453_3516_x21006_y6048 4817.120 1169.070 6247.230
18453_3564_x30226_y9677 4967.480 2443.980 9386.670
18453_3579_x30397_y10103 4971.450 2601.430 9453.650
18453_3678_x8938_y8684 4638.380 2587.100 2452.730
18453_3690_x8282_y9898 4645.100 3106.550 2250.570
18453_3704_x10450_y7387 4762.650 1989.900 2977.380
18453_3766_x16118_y20931 4537.700 7205.580 4724.730
18453_3767_x22604_y5643 5194.450 1034.320 6696.200
18453_3795_x13584_y5960 4993.900 1278.150 3991.020
18453_3796_x16246_y20830 4588.230 7166.200 4785.230
18453_3810_x16082_y20891 4595.770 7195.420 4712.980
18453_3841_x9500_y7920 4907.080 2266.900 2652.230
18453_3848_x19057_y7025 5334.550 1726.350 5658.270
18453_3935_x22928_y21885 4901.350 7335.350 7350.120
18453_3945_x11262_y6434 5084.670 1602.700 3221.750
18453_4067_x16924_y5288 5420.050 1019.550 4995.080
18453_4186_x30783_y11697 5821.230 3229.200 9420.530
18453_4221_x16935_y5165 5629.420 1016.720 4995.580
18453_4231_x30739_y8470 5902.050 2063.620 9388.970
18453_4283_x7543_y12923 5373.450 4451.450 2074.150
18453_4283_x7739_y13735 5389.950 4774.350 2158.550
18453_4345_x12044_y5189 5590.330 1142.150 3426.930
18453_4386_x31552_y9254 6060.580 2332.900 9678.450
18453_4403_x30609_y7732 6149.480 1836.650 9296.050
18453_4496_x31014_y8304 6245.080 2040.380 9431.550
18453_4497_x29287_y7176 6321.400 1718.030 8776.720
18453_4540_x32498_y9442 6189.550 2372.730 10026.400
18453_4693_x33039_y11636 6301.480 3161.600 10232.500
18453_4711_x14090_y3943 6132.770 654.150 4086.430
18453_4725_x30684_y6703 6554.080 1504.320 9263.920
18453_4749_x31789_y8895 6541.900 2256.980 9690.200
18453_4899_x10111_y5917 6211.350 1671.000 2798.380
18453_5033_x32118_y8975 6891.080 2324.800 9774.850
18453_5113_x9557_y5782 6441.100 1675.530 2579.430
18453_5228_x9833_y5221 6580.380 1454.070 2648.850
18453_5308_x10321_y5166 6705.650 1446.000 2860.730
18453_5317_x24548_y3717 7276.850 560.375 7049.950
18453_5318_x33682_y14092 7118.830 4146.770 10440.100
18453_5325_x32314_y8395 7282.150 2170.180 9810.580
18453_5343_x23330_y3366 7294.620 427.375 6695.200
18453_5436_x32746_y12751 7326.750 3723.880 10019.800
18453_5459_x9646_y5477 6850.080 1625.350 2631.880
18453_5535_x29214_y5045 7600.350 1070.450 8559.970
18453_5578_x32997_y13060 7511.480 3866.250 10117.800
18453_5667_x25695_y3103 7714.800 332.025 7331.380
18453_5766_x31719_y6139 7884.020 1464.400 9503.070
18453_5841_x19468_y3419 7917.620 628.550 5585.670
18453_5862_x33046_y12305 7921.650 3673.020 10107.800
18453_5941_x24629_y3152 8074.600 433.575 6996.480
18453_5995_x24812_y3143 8149.000 441.950 7044.520
18453_6040_x24821_y3042 8218.100 407.400 7040.950
18453_6053_x8032_y5933 7497.880 1910.220 2033.450
18453_6181_x10238_y3690 7793.900 989.275 2702.230
18453_6229_x34471_y10482 8423.250 2959.550 10635.900
18453_6316_x30559_y4743 8597.230 1049.380 8982.050
18453_6477_x30376_y5078 8820.650 1242.650 8911.880
18453_6479_x9010_y4330 8089.400 1323.030 2245.180
18453_6500_x34303_y12884 8740.800 3874.230 10597.300
18453_6537_x8725_y4484 8149.230 1400.500 2138.200
18453_6561_x9442_y3817 8244.120 1121.720 2364.230
18453_6576_x22528_y4353 8930.150 1084.000 6421.020
18453_6604_x9161_y4006 8278.030 1208.680 2261.730
18453_6675_x10576_y3102 8486.080 822.600 2754.880
18453_6675_x8876_y4461 8336.670 1410.720 2195.900
18453_6708_x6437_y7833 8297.900 2794.700 1550.530
18453_6746_x8555_y4741 8415.900 1543.500 2093.550
18453_6748_x28152_y3578 9129.530 721.675 8037.000
18453_6756_x7677_y5336 7806.520 801.375 8269.620
18453_6846_x11548_y2831 8804.600 739.400 3076.180
18453_7007_x11486_y3611 9010.080 1111.000 3104.520
18453_7010_x8769_y4509 8800.950 1494.700 2132.120
18453_7024_x9012_y4138 8853.880 1344.970 2193.700
18453_7112_x9089_y4667 8974.280 1593.030 2287.570
18453_7132_x11495_y3152 9183.980 926.250 3039.100
18453_7132_x31679_y7308 9686.580 2172.980 9455.650
18453_7146_x8788_y4552 9010.750 1547.570 2134.500
18453_7188_x11060_y3637 9229.980 1149.570 2916.120
18453_7223_x30215_y5120 9792.050 1378.120 8854.200
18453_7245_x12979_y2864 9431.620 790.250 3514.230
18453_7304_x11719_y3749 9422.600 1209.100 3149.930
18453_7309_x5442_y9199 9073.050 3387.820 1095.600
18453_7455_x32866_y9412 10113.400 2890.320 9987.850
18453_7692_x10145_y15241 9565.200 5316.020 2695.270
18453_7813_x5799_y12199 9625.220 4471.880 1174.030
18454_00002 6150.700 3405.400 8646.150
18454_00003 4836.250 3821.800 8781.550
18454_00004 4879.880 3841.770 8799.780
18454_00008 4439.400 3263.880 8063.480
18454_00009 4531.150 2894.000 7374.380
18454_00010 4548.580 3110.250 7202.830
18454_00011 4337.270 3388.680 7992.770
18454_00014 4448.980 3635.180 8485.280
18454_00015 4913.520 3793.680 8522.380
18454_00016 3701.270 4043.520 7785.900
18454_00017 3371.750 4031.820 7592.980
18454_00018 4184.420 3564.500 7640.330
18454_00020 4406.730 3604.000 7811.020
18454_00021 4914.830 3607.230 7715.600
18454_00022 4200.980 4017.880 7504.830
18454_00024 5716.250 2864.700 7709.250
18454_00027 5237.670 3504.250 7656.270
18454_00028 3268.320 3952.700 7084.730
18454_00029 3839.450 4026.680 8317.450
18454_00039 4408.100 4296.000 7902.230
18454_00046 6602.880 3900.650 7483.350
18454_00048 6655.830 4112.050 7073.620
18454_00049 3547.680 4527.700 6990.880
18454_00050 6002.170 4274.830 5706.770
18454_00051 6533.620 4345.600 6859.150
18454_00052 6755.770 4312.750 6952.100
18454_00053 6021.920 4261.650 5808.170
18454_00054 6591.580 4786.380 6141.850
18454_00055 6266.920 4886.170 5919.600
18454_00056 6234.200 4775.100 5813.750
18454_00057 6483.520 4745.450 5772.800
18454_00058 6474.330 4805.020 5736.670
18454_00059 7602.880 3112.950 7927.120
18454_00060 6917.230 3372.850 7815.770
18454_00061 7000.620 3381.400 7791.600
18454_00062 7798.080 3682.620 7849.700
18454_00063 8229.120 3550.230 7845.120
18454_00064 6838.730 3554.120 7583.770
18454_00065 6678.080 3650.120 7201.500
18454_00066 6795.330 3944.150 7334.100
18454_00067 7495.380 3634.200 7678.830
18454_00068 6821.150 4256.420 7874.500
18454_00069 8368.900 3835.300 7994.670
18454_00070 7194.480 4072.020 7364.300
18454_00071 6847.080 4201.700 7185.670
18454_00072 7055.350 4106.150 7113.420
18454_00073 7557.380 4103.650 7352.500
18454_00074 6782.200 3805.900 5886.200
18454_00075 7027.080 4395.020 6667.670
18454_00080 4511.750 3113.000 4328.170
18454_00086 4600.300 3496.380 3659.250
18454_00090 3883.270 4302.950 3236.520
18454_00092 5025.650 3403.320 3754.000
18454_00093 5373.850 3442.480 3253.880
18454_00095 6042.230 4267.350 5491.450
18454_00096 5954.270 4250.230 5327.270
18454_00097 6119.230 4177.900 5344.730
18454_00098 6023.550 4165.080 5182.650
18454_00099 6277.850 4666.300 5182.600
18454_00100 6413.550 4661.100 5154.800
18454_00101 6384.830 4685.380 5135.200
18454_00105 6636.150 4242.580 3922.700
18454_00106 6567.730 4526.350 4000.450
18454_00107 6591.600 4644.250 4090.050
18454_00109 6653.520 4495.270 3701.620
18454_00111 4366.300 4174.500 2661.020
18454_00126 7272.230 3280.400 3663.050
18454_00127 7010.450 3481.930 3752.120
18454_00128 7001.400 3438.300 3576.480
18454_00129 7370.500 3390.430 3317.380
18454_00130 6675.800 3843.850 5266.700
18454_00131 7037.800 4624.620 4539.670
18454_00132 7324.230 4578.380 4462.670
18454_00133 6869.480 3809.320 3822.500
18454_00134 6952.200 3989.700 3688.180
18454_00135 6817.270 4280.750 4075.230
18454_00136 7071.620 4269.420 4237.050
18454_00137 6786.520 4075.020 3875.400
18454_00138 7095.300 4065.180 3890.500
18454_00139 7236.380 4027.700 3706.500
18454_00140 7047.920 4256.270 3897.820
18454_00141 7358.420 4295.420 3898.930
18454_00142 7587.620 4091.950 3666.570
18454_00143 7726.050 4188.170 3835.620
18454_00144 8033.950 4155.670 3659.250
18454_00145 6957.020 4192.050 3534.820
18454_00146 7172.080 4256.520 3534.600
18454_00147 7399.080 4233.550 3462.070
18454_00148 6786.550 4357.770 3404.430
18454_00149 7926.420 3824.200 3499.200
18454_00150 8115.350 3775.250 3443.620
18454_00151 7908.620 4036.800 3596.150
18454_00152 8064.480 4109.700 3421.800
18454_00153 7022.270 4354.450 4148.770
18454_00154 6810.850 4554.920 4207.600
18454_00155 6934.900 4514.920 4186.750
18454_00156 7307.400 4462.500 4062.380
18454_00157 7029.420 4458.000 3795.270
18454_00158 6770.500 4570.200 3954.730
18454_00159 7107.020 4654.850 3788.230
18454_00160 7055.000 4858.620 4316.000
18454_00161 7104.120 4791.300 4392.230
18454_00162 6858.170 4436.250 3704.520
18454_00163 6734.270 4459.230 3561.850
18454_00164 7038.120 4528.880 3746.500
18454_00165 7089.550 4332.250 3713.070
18454_00166 6752.450 4747.900 3720.150
18454_00167 6861.480 4743.850 3594.350
18454_00168 6775.650 4776.670 3643.480
18454_00169 6681.800 4934.480 3751.050
18454_00170 8677.500 3988.120 3154.820
18454_00171 8432.220 4178.850 3272.180
18454_00174 4918.480 5324.700 9040.680
18454_00176 6530.650 4925.620 6010.080
18454_00177 6502.950 4996.920 5949.120
18454_01000 6607.850 3641.800 7992.230
18454_01001 6681.550 3923.500 7703.250
18454_01004 6479.600 3824.020 7580.480
18454_01005 6616.580 3842.730 7641.750
18454_01006 6712.100 4258.770 8021.950
18454_01007 6630.330 4384.380 7897.620
18454_01009 6679.650 4023.950 7636.850
18454_01010 6664.550 3973.230 7552.520
18454_01011 6717.650 4090.820 7620.950
18454_01012 6541.770 4126.400 7565.230
18454_01013 6685.770 4082.230 7284.350
18454_01014 6564.380 4201.000 7199.520
18454_01015 6638.380 4341.200 7429.170
18454_01018 6747.500 4386.450 7115.800
18454_01021 7025.270 2682.570 7698.400
18454_01022 6785.200 3223.900 7804.250
18454_01023 6944.980 3629.200 8056.200
18454_01027 7248.600 3412.150 7906.980
18454_01030 6964.600 3820.350 8130.920
18454_01031 7022.380 3786.300 8139.850
18454_01032 7074.620 3924.950 8148.730
18454_01033 7015.170 3920.120 8089.080
18454_01034 7237.300 3687.100 8128.750
18454_01035 7106.620 3800.880 8076.250
18454_01038 6733.920 3750.150 7961.830
18454_01039 6992.520 3726.850 7926.330
18454_01040 6707.600 3754.050 7825.950
18454_01041 6913.270 3667.620 7862.850
18454_01042 6917.670 3767.500 7868.550
18454_01043 6874.770 3713.930 7709.880
18454_01044 6864.500 3876.320 7906.550
18454_01045 6922.380 3812.730 8017.600
18454_01047 6950.300 3836.800 7763.420
18454_01048 7205.850 3772.770 7850.120
18454_01049 7247.230 3844.700 7822.670
18454_01050 7759.520 3549.300 8374.470
18454_01051 6663.400 3673.230 7681.120
18454_01052 6693.270 3722.500 7453.850
18454_01053 6853.920 3663.450 7526.920
18454_01054 7078.670 3717.320 7624.270
18454_01055 6955.980 3939.980 8020.620
18454_01056 6722.200 4069.200 7722.120
18454_01059 6795.600 4038.150 7595.100
18454_01060 7095.250 3963.850 7559.300
18454_01061 7029.400 3999.520 7589.120
18454_01062 6741.920 4076.620 7404.450
18454_01063 6966.580 3977.550 7497.620
18454_01064 6950.330 4225.330 7453.380
18454_01066 6901.400 4364.150 7189.980
18454_01067 7049.750 4256.800 7107.000
18454_01069 6880.000 4471.550 7317.730
18454_01072 7058.100 4497.770 7189.850
18454_01073 7225.670 4431.300 7088.700
18454_01074 7245.650 4360.850 7224.020
18454_01075 6991.400 4350.330 6894.250
18454_01078 5347.800 3749.620 3463.650
18454_01079 7027.480 3559.400 3704.700
18454_01080 7005.700 3654.770 3674.430
18454_01081 7223.170 3667.250 3640.850
18454_01082 6936.900 3691.950 3638.320
18454_01085 7172.830 3693.900 3570.570
18454_01086 7076.420 3727.520 3459.020
18454_01089 7350.120 3750.900 3311.620
18454_01090 6903.850 3777.800 3281.950
18454_01091 7014.800 3621.050 3274.380
18454_01092 7455.250 3637.200 3396.350
18454_01093 7527.400 3680.570 3402.200
18454_01094 6966.950 3871.650 3750.070
18454_01095 7108.520 3778.050 3676.000
18454_01096 7242.580 3846.120 3644.450
18454_01097 7158.230 3869.400 3650.520
18454_01098 6984.380 3842.880 3665.230
18454_01099 6762.880 3977.980 3552.150
18454_01100 6771.650 3992.600 3485.770
18454_01101 6966.830 3947.820 3485.200
18454_01103 7034.600 3856.880 3571.000
18454_01104 7337.170 3791.880 3530.000
18454_01105 7166.380 3877.150 3452.450
18454_01106 7080.900 3901.180 3392.620
18454_01107 7325.830 3905.700 3598.480
18454_01108 7336.900 4005.650 3476.570
18454_01109 6833.850 3890.950 3273.180
18454_01110 6982.120 3949.850 3247.680
18454_01111 6894.150 3980.150 3288.650
18454_01112 7051.150 3825.950 3262.400
18454_01113 7346.830 3808.900 3271.880
18454_01114 7233.670 3911.300 3265.020
18454_01115 7022.850 3941.400 3346.900
18454_01116 7018.050 3991.100 3218.230
18454_01117 7281.450 3993.620 3248.270
18454_01118 7106.650 4049.900 3158.880
18454_01119 6992.120 4029.250 3613.620
18454_01120 6691.800 4128.200 3531.480
18454_01121 6666.450 4133.620 3478.430
18454_01122 6871.400 4225.650 3581.450
18454_01123 7204.620 4110.770 3192.550
18454_01124 7050.700 4175.100 3231.230
18454_01125 7462.520 3804.270 3422.730
18454_01126 7416.830 3772.400 3355.300
18454_01127 7401.850 3835.950 3291.300
18454_01130 6695.900 4588.230 7583.120
18454_01131 6219.880 4931.450 6048.000
18454_01132 6976.580 4546.420 7712.330
18454_01133 7078.580 4493.020 7679.500
18454_01134 6917.480 4657.550 7576.730
18455_00002 6644.420 3566.730 8953.720
18455_00004 4667.980 3117.480 7119.250
18455_00005 4506.100 3322.600 7990.120
18455_00007 4443.250 3413.380 8045.080
18455_00008 4926.880 3399.100 8027.580
18455_00009 4927.750 3485.230 8203.380
18455_00011 4617.120 3676.600 7943.250
18455_00012 3994.100 3559.100 7873.330
18455_00013 4341.650 3610.930 7601.730
18455_00014 5164.770 3584.480 7513.500
18455_00015 6573.950 3525.770 7577.500
18455_00016 3978.480 3196.270 7165.050
18455_00017 8060.920 3420.250 8007.500
18455_00018 7286.120 2977.430 7786.250
18455_00019 6692.480 3641.550 8027.520
18455_00020 6919.080 3655.550 7959.850
18455_00021 6936.270 3659.450 7929.620
18455_00022 6786.950 3589.350 7629.500
18455_00023 6734.620 3443.950 7081.330
18455_00026 5347.880 2712.750 3597.730
18455_00028 5066.670 2904.600 3150.700
18455_00030 3729.730 3617.480 3866.250
18455_00031 4826.500 3258.980 3605.500
18455_00032 5047.480 3291.750 3433.550
18455_00033 4475.850 3291.930 3022.230
18455_00036 4555.730 3707.200 3161.650
18455_00037 4865.100 3642.450 2637.730
18455_00040 5886.000 3090.350 3050.800
18455_00041 6511.980 3516.950 2294.450
18455_00042 7208.620 3035.120 3412.120
18455_00043 7757.880 3147.300 3132.730
18455_00044 7786.150 3135.020 3374.550
18455_00045 7821.120 3314.730 3338.230
18455_00046 7698.120 3455.320 3014.980
18455_00047 6997.450 3559.770 3716.600
18455_00048 7438.700 3614.120 3745.050
18455_00049 7078.770 3749.070 3273.200
18455_00050 8241.650 3540.250 3357.450
18455_00106 4503.420 3720.300 8396.120
18455_00110 4436.730 4146.050 8784.670
18455_00119 5389.650 4191.750 8469.450
18455_00120 6624.050 3862.750 7955.650
18455_00121 6571.950 3922.620 7896.270
18455_00122 6596.230 3761.200 7525.750
18455_00123 6532.920 3771.020 7281.580
18455_00124 6360.620 4096.200 7235.120
18455_00125 6599.830 4615.120 7466.950
18455_00126 5897.330 4241.620 5578.700
18455_00127 5986.420 4492.650 5590.700
18455_00132 6245.920 4864.150 5992.830
18455_00133 6431.200 4863.300 5873.000
18455_00134 6376.170 4804.000 5763.830
18455_00135 6856.480 4310.670 9269.650
18455_00136 6933.770 3788.270 7960.200
18455_00137 6683.600 3875.550 7939.000
18455_00138 6976.300 3756.120 8069.900
18455_00139 6732.730 3963.900 7859.750
18455_00140 6645.230 3731.200 7854.100
18455_00142 6827.270 3867.430 7632.620
18455_00143 7042.670 3786.650 7756.380
18455_00144 7090.850 3855.570 7617.620
18455_00145 6717.000 4181.980 7666.020
18455_00146 6740.580 4109.620 7517.730
18455_00147 6642.620 4156.850 7526.620
18455_00148 6668.920 4133.550 7433.600
18455_00150 6938.270 4456.700 7102.620
18455_00152 6774.150 4499.600 7749.620
18455_00153 6730.650 4540.080 7611.000
18455_00154 6844.000 4508.670 7299.230
18455_00158 7315.100 4272.580 6930.120
18455_00159 6839.150 4485.580 6910.100
18455_00163 6606.170 3804.400 5269.100
18455_00165 5965.300 4221.580 5413.150
18455_00172 4771.080 4162.900 4124.830
18455_00180 3879.980 4354.270 2868.820
18455_00181 3800.380 4531.850 3066.120
18455_00182 4790.450 4264.450 2858.520
18455_00199 6762.520 3970.450 4298.770
18455_00200 6604.700 4053.350 3906.250
18455_00201 6686.980 4030.250 3945.070
18455_00202 6584.880 3837.000 3865.050
18455_00203 6678.400 3893.400 3815.120
18455_00204 6794.480 3774.620 3397.120
18455_00205 6600.670 3798.800 3427.250
18455_00206 6796.380 3997.070 3434.400
18455_00208 6569.770 4217.080 3948.770
18455_00210 6640.380 4539.000 4122.450
18455_00220 5320.850 5098.420 2689.600
18455_00224 4922.580 4330.750 2309.550
18455_00240 5540.270 3948.430 2629.400
18455_00252 7082.480 3774.550 4032.200
18455_00253 7174.730 3835.350 4045.050
18455_00254 6950.250 3719.250 3845.680
18455_00255 7094.420 3669.320 3892.000
18455_00256 7487.230 4087.550 4005.270
18455_00257 7717.120 4028.880 3930.020
18455_00258 7005.830 3800.730 3491.800
18455_00259 7085.580 3765.600 3474.730
18455_00260 7198.900 3787.520 3425.430
18455_00261 7161.670 3868.600 3444.180
18455_00262 6904.250 3965.200 3287.620
18455_00263 6944.980 4209.400 4268.920
18455_00264 6896.300 4644.450 4115.650
18455_3718_x10944_y12140 4599.000 3878.750 8466.080
18455_4619_x10185_y12182 5855.250 3928.850 8634.730
18455_4709_x21225_y13716 5874.670 4279.880 5350.200
18455_4982_x21552_y14337 6168.550 4581.750 5274.850
18455_5253_x25617_y13881 6569.670 4355.200 4172.170
18455_5316_x26308_y13288 6671.380 4137.500 3989.480
18455_5404_x24949_y14106 6749.620 4508.700 4383.700
18455_5472_x13482_y11733 6649.950 3694.480 7618.250
18455_5474_x14981_y13279 6666.400 4229.200 7139.880
18455_5507_x14812_y14221 6717.900 4566.480 7202.500
18455_5517_x15391_y12702 6714.500 3994.070 7012.500
18455_5730_x15780_y13638 6993.700 4360.830 6925.450
18455_5898_x14920_y13352 7164.830 4273.650 7203.100
18457_00001 4230.850 3238.650 7629.400
18457_00002 4967.500 2912.020 7495.750
18457_00003 5060.850 3064.520 7405.200
18457_00004 3185.070 3750.350 7513.600
18457_00005 3339.880 4011.430 7513.330
18457_00006 4656.520 3889.550 7397.350
18457_00007 4026.950 3686.020 7280.450
18457_00008 4028.150 3877.750 7370.420
18457_00009 6543.800 3199.450 7728.850
18457_00010 6658.830 3669.750 7821.620
18457_00012 6715.080 3816.900 7906.880
18457_00013 6591.900 3748.200 7788.600
18457_00014 3722.800 3673.950 7039.800
18457_00015 3552.880 3907.320 7092.100
18457_00017 7128.500 3529.770 8065.800
18457_00018 6989.250 3443.050 7907.650
18457_00019 7262.620 3334.750 7970.880
18457_00023 7124.270 3610.400 7894.150
18457_00024 7196.330 3645.750 8030.880
18457_00025 7198.420 3528.750 7984.020
18457_00026 6826.730 3444.850 7783.080
18457_00027 7000.500 3419.550 7815.620
18457_00028 7092.620 3526.550 7536.000
18457_00029 6803.850 3701.400 7364.550
18457_00030 4503.980 3211.050 4091.880
18457_00031 4386.770 3198.600 4337.950
18457_00032 3999.850 3164.070 3915.850
18457_00033 3923.230 3142.380 3659.450
18457_00034 3670.520 3507.880 3403.200
18457_00035 3081.880 3739.000 3897.430
18457_00036 3264.980 3576.350 3714.620
18457_00037 3740.800 3805.700 4154.480
18457_00038 4640.080 3785.270 4440.450
18457_00039 3982.120 4068.000 3720.180
18457_00040 3749.250 3966.150 3521.600
18457_00041 5006.080 3244.950 4111.770
18457_00043 5089.420 3396.300 3633.800
18457_00044 5161.400 3450.750 3715.150
18457_00045 6675.950 3745.350 3712.050
18457_00046 6643.830 3696.750 3625.000
18457_00047 6639.670 3718.550 3485.980
18457_00048 6600.450 3815.230 3264.150
18457_00049 6847.420 3471.800 3777.020
18457_00051 7103.230 3609.380 3719.480
18457_00052 6756.170 3724.930 3806.820
18457_00053 6735.830 3765.450 3836.950
18457_00054 7045.050 3692.550 3842.850
18457_00055 6874.350 3410.770 3626.980
18457_00056 6884.170 3481.800 3584.680
18457_00057 6943.850 3481.980 3623.950
18457_00058 6864.420 3577.620 3464.700
18457_00059 7033.450 3604.600 3337.300
18457_00061 7254.550 3433.770 3449.350
18457_00062 7271.020 3536.480 3385.750
18457_00063 7037.230 3550.000 3281.620
18457_00064 6822.880 3596.520 3645.600
18457_00065 6907.270 3726.070 3352.150
18457_00066 7009.450 3660.880 3392.750
18457_00068 6774.920 3804.900 3462.570
18457_00069 7341.020 3828.050 3384.950
18457_00072 6891.200 3849.880 3333.980
18457_00073 7153.980 3792.680 3334.050
18457_00074 7842.400 3660.600 3326.800
18457_00075 7799.200 3812.070 3228.320
18457_00076 5241.300 4778.550 9006.080
18457_00077 5615.450 4894.100 8686.970
18457_00078 5468.550 5077.850 8650.050
18457_00079 5543.270 5240.420 8924.880
18457_00080 6188.450 5294.500 8934.380
18457_00081 2015.180 4337.550 7130.950
18457_00082 3990.750 4429.250 7575.830
18457_00083 6542.350 3865.800 7821.750
18457_00087 5183.520 4425.270 7105.670
18457_00088 6617.050 3781.550 7515.850
18457_00089 6760.270 3991.980 7798.600
18457_00090 6717.620 3974.430 7468.420
18457_00091 6555.230 3921.800 7426.450
18457_00095 6482.750 4169.120 7678.580
18457_00096 6690.980 4031.120 7647.400
18457_00097 6674.750 4237.650 7739.950
18457_00098 6556.020 4209.830 7456.420
18457_00099 6439.150 4302.080 7568.850
18457_00101 6448.120 4140.850 7276.170
18457_00102 6727.830 4454.200 7854.450
18457_00103 3674.200 4154.170 7172.170
18457_00106 3834.200 4624.380 7181.380
18457_00108 3518.800 5022.620 6821.750
18457_00109 6831.000 4209.950 7035.880
18457_00110 6216.100 4390.650 6740.480
18457_00111 6096.500 4655.170 6904.380
18457_00112 6672.250 4652.620 6582.920
18457_00113 4963.730 5372.080 8734.380
18457_00114 5766.550 5062.500 8447.750
18457_00115 3684.380 5370.250 6377.830
18457_00116 4604.750 6529.020 7872.150
18457_00117 7152.380 3935.680 8123.300
18457_00118 6866.400 3895.820 7856.000
18457_00119 6927.380 3880.550 7888.770
18457_00120 6781.600 4051.650 8121.480
18457_00121 7131.800 3954.230 8103.120
18457_00122 6998.950 4048.850 8099.120
18457_00123 7222.620 4107.480 8192.000
18457_00125 6819.800 4201.420 8058.450
18457_00126 6983.050 4072.020 7945.150
18457_00127 7996.600 3998.770 8182.150
18457_00128 6875.300 3767.800 7508.330
18457_00129 6803.270 3845.700 7636.520
18457_00133 3151.320 5103.050 4553.500
18457_00135 6339.270 4462.520 4932.730
18457_00136 6693.230 4963.550 4802.250
18457_00139 4638.770 4470.520 2983.620
18457_00140 3780.450 4715.950 3969.120
18457_00141 3529.100 4697.550 3054.250
18457_00142 3932.650 4684.800 3451.650
18457_00143 6538.420 3862.230 3775.200
18457_00144 6447.350 4165.580 3860.270
18457_00145 6742.420 4264.200 3807.820
18457_00146 6547.080 3967.880 3579.300
18457_00148 6611.270 3948.820 3394.980
18457_00150 6683.080 4077.800 3517.450
18457_00152 6514.700 4181.620 3677.880
18457_00159 6573.920 4381.350 3988.680
18457_00162 6673.400 4348.900 3625.620
18457_00163 6727.250 4408.380 3592.100
18457_00164 6757.270 4359.520 3448.430
18457_00170 3339.100 5352.830 4598.400
18457_00184 4420.850 7371.770 3960.750
18457_00188 7107.300 4788.650 4600.830
18457_00190 6779.480 3907.120 3420.950
18457_00194 6980.620 4004.450 3331.930
18457_00197 6998.730 4087.520 3320.730
18457_00199 7299.950 4041.430 3218.430
18457_00202 6950.650 4166.420 3287.820
18457_00203 6862.500 4178.200 3156.320
18457_00204 6910.450 4438.770 4129.650
18457_00205 6968.050 4599.920 3744.100
18457_00206 6949.050 4392.500 3351.680
18457_00209 6808.830 4026.880 5382.300
18457_00241 7828.880 3401.250 7856.400
18458_00048 6807.400 2813.600 7621.580
18458_00049 7364.380 2951.900 8071.800
18458_00050 7330.850 2959.070 8054.250
18458_00051 7531.400 2910.020 7924.380
18458_00053 7178.350 2849.550 7753.450
18458_00056 7644.730 3139.570 8215.650
18458_00057 7599.380 3159.770 8220.850
18458_00069 7916.920 3406.820 8282.170
18458_00075 6915.020 3072.550 7424.750
18458_00077 6662.880 3345.000 7579.400
18458_00083 7841.800 3165.380 8194.170
18458_00086 7631.980 3223.650 7818.080
18458_00101 7851.450 3458.600 8310.000
18458_00102 7943.020 3456.270 8328.750
18458_00114 6602.770 3830.550 7854.550
18458_00119 7014.850 3830.550 7745.770
18458_00121 6729.050 3883.300 7264.120
18458_00122 6974.980 3730.730 7683.580
18458_00125 7195.150 3632.800 7887.120
18458_00148 6827.620 3109.000 7090.900
18458_00150 6936.500 3364.680 7168.920
18458_00185 6427.480 3794.680 3778.770
18458_00236 7104.670 3103.100 3068.880
18458_00239 7246.020 3187.400 3422.250
18458_00241 7121.850 3192.100 2965.700
18458_00242 7303.330 3247.400 3058.200
18458_00244 7257.100 3353.050 2843.650
18458_00249 7480.200 3095.230 3009.600
18458_00250 8018.850 3151.680 3262.400
18458_00264 7850.550 3280.800 2971.480
18458_00267 8174.750 3252.480 3274.100
18458_00268 7038.830 3697.230 3669.570
18458_00269 7144.880 3708.570 3687.980
18458_00273 6928.170 3750.270 3613.880
18458_00277 7248.450 3655.620 3559.930
18458_00280 7243.620 3668.800 3460.620
18458_00281 7171.500 3775.850 3327.950
18458_00302 7986.170 3389.520 2958.930
18458_00306 7492.600 3712.230 3298.000
18458_00351 5284.150 4596.850 8644.170
18458_00353 5086.830 4930.830 8257.500
18458_00374 6387.850 4935.050 6861.500
18458_00375 6249.170 4643.400 6220.200
18458_00376 6308.920 4779.150 5990.880
18458_00386 4929.900 5215.480 8691.900
18458_00419 6659.800 4116.750 8024.900
18458_00424 6796.330 3997.600 7798.620
18458_00430 6904.230 3973.500 7308.830
18458_00437 6541.770 4390.830 7630.250
18458_00443 6592.050 4282.020 7477.730
18458_00444 6658.730 4302.050 7566.550
18458_00445 6790.300 4243.170 7381.730
18458_00450 7843.400 4069.270 7935.300
18458_00456 6546.800 4524.200 7403.100
18458_00458 8300.220 4051.850 8141.520
18458_00459 8159.080 4186.080 8122.770
18458_00460 6641.500 4057.880 7172.520
18458_00461 6577.200 4390.100 7182.100
18458_00468 6699.480 4746.880 6463.750
18458_00488 4540.420 4924.520 3122.900
18458_00492 6635.380 3906.430 3599.980
18458_00496 6681.300 4685.270 3762.070
18458_00500 4405.920 5295.580 4467.800
18458_00502 3484.350 6915.600 4889.020
18458_00505 6593.020 5205.620 4446.350
18458_00540 6792.200 3976.020 3828.500
18458_00541 7029.730 3913.380 3840.120
18458_00542 6828.020 3943.500 3680.620
18458_00547 7025.120 4079.480 3863.070
18458_00548 6898.100 4267.080 3877.930
18458_00549 7030.120 4289.480 3817.050
18458_00550 7211.170 4067.520 3878.020
18458_00551 7211.300 4130.050 3718.730
18458_00555 6822.830 4006.230 3280.050
18458_00561 7477.100 4005.020 3456.930
18458_00562 7444.300 4061.100 3348.730
18458_00564 6764.350 4132.770 3387.620
18458_00565 7046.500 4247.080 3339.980
18458_00567 7125.520 4170.620 3474.200
18458_00574 7558.580 4305.980 3417.950
18458_00575 6858.300 4411.550 4138.750
18458_00577 6811.200 4483.000 3818.180
18458_00578 6704.300 4527.650 3808.800
18458_00580 6947.580 4612.000 3920.350
18458_00583 7176.000 4382.080 3275.850
18458_00584 7060.000 4568.980 3498.430
18458_00585 6666.230 5096.650 4363.700
18458_00586 6980.500 4894.170 3839.300
18458_00612 7753.750 2969.230 7553.050
18458_00614 7084.770 2834.850 3702.000
18458_00615 7067.300 2949.600 3899.570
18458_00616 6502.000 4868.350 4988.770
18461_2985_x10744_y3095 2834.320 1701.450 7031.600
18461_3220_x7596_y9465 3462.980 5295.670 8540.900
18461_3871_x7813_y3857 4005.180 2036.850 8444.230
18461_4178_x16825_y2713 4640.850 1186.070 4492.170
18461_4233_x19011_y2874 4781.750 1268.000 3505.050
18461_4388_x5599_y5781 4718.480 3115.650 9520.550
18461_4410_x23856_y6531 5338.420 3442.150 1146.850
18461_4545_x5749_y4914 4858.300 2601.930 9463.830
18461_4862_x17603_y2198 5513.230 791.525 4265.580
18461_5025_x23630_y4542 6014.500 2272.000 1301.030
18461_6043_x11080_y1667 6901.450 364.275 6945.200
18461_7132_x6338_y3287 8371.750 1370.850 9202.100
18462_00005 5052.400 3331.700 7388.380
18462_00007 4922.700 3721.120 6820.480
18462_00009 5336.100 2845.100 7534.230
18462_00012 7038.120 3755.680 7758.500
18462_00013 7163.550 3781.700 7974.750
18462_00014 7316.100 3742.250 8079.670
18462_00015 7428.000 3866.400 8050.480
18462_00016 6984.330 4132.500 7762.050
18462_00017 7336.000 3879.570 7746.830
18462_00018 7275.620 4050.230 7796.420
18462_00019 7425.730 4069.300 7529.100
18462_00020 7629.750 3678.250 8116.650
18462_00021 7523.020 3745.100 8116.580
18462_00022 7791.550 3836.680 8182.700
18462_00023 8152.120 4185.750 7670.170
18462_00024 8496.780 3678.980 8435.030
18462_00025 8501.900 3754.570 8153.520
18462_00026 8672.780 4049.880 7959.170
18462_00027 6973.150 4322.600 8031.330
18462_00028 7242.770 4613.200 7615.020
18462_00029 7724.230 4711.920 7472.400
18462_00030 7733.980 4636.500 7248.080
18462_00031 7580.830 4728.770 6819.830
18462_00032 7838.330 4713.020 6934.650
18462_00035 5196.250 3215.350 4034.820
18462_00038 6358.480 3090.070 3224.200
18462_00040 7116.150 3788.800 3578.120
18462_00041 7207.730 3881.820 3608.930
18462_00042 7092.850 3861.450 3474.620
18462_00043 3728.120 3641.480 4007.350
18462_00044 7228.950 4339.080 4158.080
18462_00045 7004.650 4219.050 3811.750
18462_00048 4700.500 4312.770 2579.270
18462_00049 4561.420 4369.020 2670.000
18462_00050 4952.880 3991.270 2916.520
18462_00051 7153.120 4054.430 3662.820
18462_00052 7213.880 4212.850 3622.770
18462_00053 7136.400 4340.120 3336.620
18462_00054 7965.230 3019.070 3254.180
18462_00055 7700.800 3470.120 3513.900
18462_00056 7910.250 3574.230 3422.230
18462_00057 7603.120 3785.050 3220.880
18462_00058 7828.750 3816.820 3227.380
18462_00059 7867.600 3770.050 3493.620
18462_00060 8343.880 4080.070 3669.570
18462_00061 8228.620 4026.930 3633.550
18462_00062 7423.900 4738.750 3684.480
18462_00063 7363.350 4843.300 3625.730
18463_00001 7876.020 3272.250 3391.430
18463_00003 7238.830 4424.170 4141.620
18463_00004 5961.900 2770.180 7896.850
18463_00005 4942.830 3505.930 7752.670
18463_00007 5588.800 3281.200 7812.650
18463_00010 5249.750 2840.550 7146.380
18463_00011 4229.800 3453.980 7274.420
18463_00012 7486.350 3803.570 8068.480
18463_00013 7144.950 3662.750 7850.880
18463_00014 7497.830 3773.900 8019.600
18463_00015 7476.450 3248.750 8075.520
18463_00016 7530.420 3215.180 7824.850
18463_00018 7815.000 3650.430 3006.200
18463_00019 4948.800 4149.170 8649.500
18463_00020 5014.620 4323.920 8510.250
18463_00021 4725.020 4473.600 8633.470
18463_00024 4162.170 4669.800 8403.650
18463_00027 7184.580 4023.600 7795.120
18463_00028 7446.120 4148.700 7847.020
18463_00029 7575.150 4141.850 7589.080
18463_00031 6915.600 4122.450 7571.480
18463_00032 8357.030 4084.250 8071.580
18463_00034 6947.300 4521.000 7853.800
18463_00036 7240.300 4835.580 7557.920
18463_00037 7172.950 3868.880 7503.730
18463_00038 7213.080 4332.650 7408.480
18463_00039 6981.520 4767.330 7308.020
18463_00040 7326.270 4515.020 7323.150
18463_00041 7557.670 4509.670 7326.350
18463_00042 6170.080 4762.230 5502.450
18463_00045 6702.600 4191.620 3785.050
18463_00046 6476.700 4917.000 5216.300
18463_00047 6592.670 5139.880 5247.020
18463_00051 5730.980 4779.080 1829.300
18463_00052 7492.120 3589.730 4335.700
18463_00054 6871.500 4573.950 4172.920
18463_00055 7071.200 3571.770 4075.570
18463_00056 6951.850 3660.950 3459.500
18463_00057 7551.800 3680.350 3363.980
18463_00058 7449.120 3744.930 3379.000
18463_00061 7799.170 3811.070 3710.050
18463_00062 8400.670 3676.880 3447.480
18463_00066 6994.250 3999.800 3872.620
18463_00067 7214.020 4154.900 3836.930
18463_00068 7263.770 4371.170 4160.120
18463_00069 6959.980 4020.270 3641.820
18463_00071 7240.730 4412.620 3587.120
18463_00072 8572.650 4022.300 3431.500
18463_00073 7233.920 4788.750 3634.680
18463_00074 7420.850 4242.850 1510.500
18463_00075 6967.420 4537.400 1802.950
18464_00004 6096.400 3726.800 9063.350
18464_00009 4108.600 3328.480 7557.500
18464_00010 4699.000 3561.300 7499.700
18464_00016 4758.650 3580.070 6784.900
18464_00029 8782.600 3791.520 8259.830
18464_00031 7783.980 3097.230 7801.600
18464_00042 7015.620 3895.050 7777.400
18464_00044 6912.600 3820.250 7557.100
18464_00045 7126.700 3808.120 7516.350
18464_00046 7072.450 3961.930 7383.120
18464_00047 7288.900 3657.620 7866.250
18464_00048 7466.300 3829.050 7874.330
18464_00049 7315.670 3761.950 7738.420
18464_00052 7390.900 3908.750 7868.330
18464_00061 5575.750 3732.570 4206.330
18464_00074 7185.500 3373.180 3942.380
18464_00075 7011.230 3748.050 3910.950
18464_00076 7191.150 3847.570 3928.700
18464_00079 8178.700 3737.800 3508.050
18464_00080 8039.550 3945.730 3564.570
18464_00081 4574.120 4302.580 8417.220
18464_00082 4605.120 5115.520 8767.600
18464_00085 4972.850 4699.420 8845.450
18464_00086 5225.020 5161.520 8203.450
18464_00088 5267.900 5512.900 8690.620
18464_00102 6358.230 4641.980 6973.020
18464_00108 4634.800 5907.380 7956.800
18464_00112 4353.330 6746.700 7357.050
18464_00119 7181.050 4106.330 7436.400
18464_00122 7190.420 4402.800 7758.620
18464_00124 6645.700 4211.750 7491.330
18464_00127 6875.500 4285.350 7330.300
18464_00128 6805.600 4366.020 7330.080
18464_00129 7037.200 4286.200 7535.600
18464_00132 7834.380 4255.670 7377.480
18464_00133 7198.050 4634.120 7676.270
18464_00139 6688.730 4825.980 4889.850
18464_00141 4698.150 4656.380 2831.730
18464_00143 6787.830 4129.200 3911.730
18464_00153 5415.330 5450.950 3319.680
18464_00155 4969.170 5854.830 3874.100
18464_00163 5356.420 5030.950 2526.230
18464_00169 5253.670 5337.270 2396.020
18464_00183 6939.800 4048.770 3645.500
18464_00184 7184.380 4177.600 3746.570
18464_00191 9095.880 3508.880 8276.270
18464_00192 6902.420 3031.700 7142.620
18464_00193 8405.700 3133.730 7843.670
18464_00194 9023.000 3419.680 8125.350
18464_00196 7129.020 2925.950 4217.520
18464_00197 7049.850 2960.930 4094.620
18464_00198 7310.880 3012.180 3846.500
18465_00001 6524.830 3435.650 8927.420
18465_00003 4335.950 4226.270 8570.200
18465_00005 5053.580 3791.270 8621.670
18465_00006 6663.770 3778.250 9053.030
18465_00007 6318.230 3480.570 8503.120
18465_00008 6625.500 3532.600 8763.150
18465_00009 6370.900 3546.230 8408.800
18465_00011 6419.770 3986.350 8880.350
18465_00015 5976.000 4475.380 8799.150
18465_00017 6361.730 4142.520 9035.350
18465_00018 6231.950 4266.480 8957.620
18465_00028 4969.770 2969.550 7269.270
18465_00029 5713.730 3000.520 7749.080
18465_00030 5651.170 3379.680 8424.050
18465_00031 5482.620 3377.820 7576.650
18465_00032 3955.820 3463.270 7072.520
18465_00033 3993.730 3356.750 6772.000
18465_00034 3781.450 3928.250 7854.700
18465_00035 3720.820 3805.620 7114.980
18465_00036 5038.170 3626.450 7450.880
18465_00037 4784.420 3869.250 7633.380
18465_00039 5237.800 3945.730 7263.100
18465_00040 5160.580 3572.500 8101.830
18465_00041 5500.480 3514.800 7987.300
18465_00044 5825.250 4000.770 8107.620
18465_00045 6337.670 3969.320 8314.400
18465_00046 5420.700 4145.920 7505.150
18465_00047 6498.880 3892.930 7207.420
18465_00048 6523.480 4174.400 7291.230
18465_00050 4560.330 3608.500 6882.250
18465_00052 8362.900 3902.450 9667.300
18465_00053 8350.200 3897.600 9580.650
18465_00054 7012.920 2492.450 7344.730
18465_00056 6898.770 3514.150 7668.300
18465_00057 7180.700 3616.480 7831.550
18465_00058 7011.520 3686.550 7739.380
18465_00059 7363.250 3650.650 7767.250
18465_00070 6942.620 3363.350 7421.670
18465_00078 7015.580 4203.050 7800.580
18465_00079 7059.980 4138.620 7622.920
18465_00080 7148.080 4132.880 7646.420
18465_00081 7127.650 4263.200 7940.350
18465_00082 7199.380 4294.150 7878.500
18465_00083 7301.050 4186.450 7682.900
18465_00084 7439.480 4326.600 7784.100
18465_00089 7094.400 4029.380 7396.230
18465_00090 6880.330 4120.380 7442.200
18465_00091 6807.150 4157.400 7226.500
18465_00092 7073.080 4129.120 7214.250
18465_00106 6870.050 4001.320 3457.770
18465_00109 7131.880 3486.070 3323.430
18465_00110 7074.300 3534.750 3346.320
18465_00111 7166.650 3411.900 3308.270
18465_00112 7273.250 3404.570 3315.850
18465_00113 7448.550 3367.880 3358.200
18465_00114 7318.380 3488.820 3372.250
18465_00115 7305.350 3522.450 3284.100
18465_00116 7320.650 3610.050 3169.270
18465_00117 7426.000 3520.880 3208.320
18465_00119 7974.770 3361.600 3390.450
18465_00125 7171.120 3924.000 3880.100
18465_00126 7286.900 3857.250 3237.250
18465_00127 7134.550 3865.500 3658.950
18465_00128 6977.480 3946.270 3637.570
18465_00132 7612.050 4063.500 3581.750
18465_00133 7287.150 3934.570 3352.150
18465_00136 7714.900 3655.300 3319.570
18465_00140 8135.400 3707.880 3125.600
18465_00141 7635.850 3822.570 3184.500
18465_00142 7641.400 3905.730 3329.350
18465_00145 9085.480 3783.980 3180.750
18465_00146 9106.450 3825.550 3159.700
18465_00148 7520.830 3619.950 3016.300
18465_00152 9080.250 3924.320 3145.380
18465_00154 4896.950 5042.400 8839.880
18465_00155 6180.020 4898.480 9200.780
18465_00156 5375.480 4583.850 8915.300
18465_00157 5315.850 4806.920 8816.100
18465_00159 5713.200 4990.270 9221.330
18465_00161 5419.550 5507.270 8846.820
18465_00168 3703.850 5641.750 7582.980
18465_00175 6620.620 4660.850 7092.580
18465_00177 6669.830 4936.600 7309.880
18465_00199 4254.600 6397.330 7123.850
18465_00203 3349.950 6005.480 6281.380
18465_00204 3299.380 6182.330 6575.950
18465_00206 4369.650 5736.900 6977.230
18465_00207 4111.150 5840.250 6473.330
18465_00209 3153.200 6599.770 6799.900
18465_00213 4348.670 6726.880 7396.020
18465_00219 6805.770 4576.920 9342.180
18465_00226 7308.120 4571.050 8070.150
18465_00227 7009.580 4346.980 7915.080
18465_00228 6885.170 4402.420 7776.400
18465_00229 7429.200 4448.500 7885.770
18465_00230 7209.800 4370.880 7742.850
18465_00233 7205.830 4517.170 7887.900
18465_00234 7542.580 4583.580 7909.480
18465_00235 6859.000 4730.730 7778.170
18465_00238 7475.380 4725.120 7854.770
18465_00241 6774.730 4218.400 7362.520
18465_00242 7083.750 4821.200 7526.330
18465_00243 6983.880 4587.270 7138.830
18465_00245 6918.730 5273.230 6862.900
18465_00246 6977.170 6041.880 8201.100
18465_00248 8815.980 5451.300 8052.230
18465_00258 6472.830 4925.020 5069.450
18465_00261 6712.000 5015.580 4458.980
18465_00264 5077.200 5067.270 3017.200
18465_00281 6071.670 4705.750 1609.350
18465_00282 5473.270 5212.270 2564.480
18465_00283 5647.250 5341.020 2323.850
18465_00285 6848.100 6078.480 2678.900
18465_00286 7007.020 4024.880 3845.000
18465_00287 6940.850 4224.980 4004.520
18465_00288 7042.080 4188.800 4026.600
18465_00291 7835.270 4412.100 4033.450
18465_00292 7400.980 4118.150 3618.770
18465_00294 7011.270 4496.920 3673.320
18465_00300 7960.670 4390.800 3393.880
18465_00302 8237.620 4364.500 3451.120
18465_00303 7713.300 4427.520 3756.430
18465_00304 6947.420 4880.300 4159.580
18465_00305 7042.550 4817.100 3684.850
18465_00309 6955.600 6158.480 2820.950
18465_00312 9144.420 3860.450 3200.980
18465_00313 6874.900 3294.650 4442.520
18465_00319 5423.350 4115.450 3728.520
18465_00328 6873.480 3806.120 3305.480
18465_00347 7277.850 4209.900 3220.200
18465_00348 7440.230 4359.420 3113.650
18465_00349 6997.000 4298.800 1703.650
18470_3227_x19287_y16117 4841.980 2437.300 8424.030
18470_3582_x22459_y29708 5546.770 960.550 5106.380
18470_4630_x23468_y24795 6918.480 645.200 6430.400
18864_00002 6291.300 2107.820 1754.100
18864_00015 6246.770 1578.150 2532.880
18864_00021 5237.700 1610.650 3144.180
18864_00023 5845.230 1408.750 2843.250
18864_00025 6000.250 1184.000 3156.250
18864_00026 3357.730 4301.980 2687.150
18864_00029 4673.850 4376.850 1772.550
18864_00040 4518.550 3573.400 1848.530
18864_00043 4393.800 4137.880 1803.150
18864_00057 2772.070 3547.600 5548.080
18864_00114 7397.480 1189.600 3090.880
18864_00117 8755.720 1531.970 2024.050
18864_00119 9279.950 1353.800 2446.270
18864_00313 6298.300 3782.550 9775.380
18864_1871_x3272_y21319 2187.380 2563.450 7209.150
18864_1917_x3417_y12763 2273.620 2523.270 4321.450
18864_2047_x3016_y12128 2389.700 2288.200 4089.900
18864_2086_x2903_y21496 2454.600 2313.570 7296.200
18864_2520_x2913_y22642 3065.730 2118.750 7707.480
18864_3015_x3194_y23588 3832.430 2012.900 8004.500
18864_3248_x2473_y15212 3855.750 1359.550 5170.350
18864_3338_x3396_y21865 4242.500 1843.950 7279.650
18864_3473_x2641_y21082 4185.550 1452.900 7027.080
18864_3488_x3691_y22599 4483.830 1913.550 7506.300
18864_3494_x2380_y13749 4101.520 1173.850 4744.580
18864_3772_x5344_y6871 4804.730 2416.700 2575.770
18864_4067_x3464_y21495 4995.730 1513.450 7066.380
18864_4120_x3320_y13563 4885.880 1316.120 4793.350
18864_4157_x3358_y13741 4925.420 1320.200 4846.020
18864_4267_x2794_y21031 4999.200 1122.030 6924.380
18864_4380_x6371_y4940 5530.770 2579.200 1983.530
18864_4420_x4377_y8261 5384.050 1688.400 3283.200
18864_4429_x7945_y3080 5647.850 3152.250 1319.000
18864_4554_x9386_y2232 5844.950 3606.450 1096.750
18864_4693_x10912_y2095 6088.170 4116.020 1187.430
18864_4760_x3070_y21249 5589.420 1024.900 6961.750
18864_4797_x9453_y2359 6109.330 3496.450 1189.320
18864_5030_x9347_y31359 6684.800 3424.020 10305.800
18864_5099_x6368_y29941 6698.380 2466.480 9979.420
18864_5242_x9483_y31549 6926.150 3381.930 10366.200
18864_5305_x7877_y31450 6926.920 2867.180 10440.200
18864_5444_x7352_y31475 7049.350 2647.900 10476.000
18864_5637_x5637_y31619 8425.350 760.025 2883.620
18864_5648_x4839_y28849 7107.020 1549.820 9521.500
18864_5692_x8806_y3272 7114.980 2909.380 1508.320
18864_6057_x8520_y2391 7632.170 2750.070 1030.750
18864_6074_x3503_y13192 7231.950 719.250 4677.000
18864_6104_x9372_y1806 7794.580 3059.450 863.600
18864_6139_x4843_y27122 7678.750 1296.220 8859.580
18864_6291_x8873_y32149 8162.600 2831.850 10604.600
18864_6321_x4387_y7047 7617.950 905.250 2782.400
18864_6384_x3409_y13059 7606.270 557.325 4582.830
18864_6581_x10729_y2199 8564.250 3471.680 1029.650
18864_6733_x9057_y31875 8788.830 2812.700 10480.300
18864_6734_x4899_y27447 8352.250 1075.430 8896.700
18864_6805_x6340_y4681 8379.050 1568.180 1859.120
18864_6821_x5144_y6844 8303.850 1035.450 2686.880
18864_6956_x8154_y30811 9009.580 2466.600 10141.000
18867_2903_x13633_y8787 3449.770 2887.520 7735.420
18867_3383_x10177_y11497 4111.920 3813.100 9001.620
18867_3469_x10058_y10954 4254.150 3598.730 9023.700
18867_3525_x9958_y10743 4340.080 3507.250 9054.600
18867_3758_x14594_y6944 4679.850 1973.180 7322.380
18867_3801_x9223_y10977 4665.750 3574.020 9299.080
18867_3807_x9130_y11820 4677.270 3889.550 9346.070
18867_3832_x10338_y8748 4744.670 2714.020 8851.330
18867_3855_x11412_y8044 4807.620 2430.880 8471.550
18867_3926_x8710_y12751 4816.770 4225.400 9498.980
18867_3973_x31634_y12362 4990.350 4143.480 1896.930
18867_3994_x27846_y7437 5095.770 2171.620 3192.150
18867_4052_x9852_y8712 5003.620 2687.320 9016.430
18867_4156_x9348_y9148 5131.900 2850.120 9187.880
18867_4202_x26848_y7080 5335.950 2023.750 3534.150
18867_4216_x9933_y8365 5213.330 2543.700 8962.530
18867_4218_x8269_y11914 5170.170 3883.180 9616.430
18867_4259_x9977_y8313 5266.800 2520.950 8941.280
18867_4296_x31171_y9797 5489.900 3122.930 2080.800
18867_4302_x30805_y9233 5527.770 2899.350 2209.750
18867_4330_x29413_y7746 5520.770 2293.100 2685.930
18867_4336_x10280_y7972 5351.420 2385.480 8824.730
18867_4392_x7633_y13301 5348.500 4375.950 9848.770
18867_4397_x8352_y9768 5394.050 3076.380 9522.800
18867_4421_x31775_y9812 5614.000 3128.600 1864.800
18867_4457_x7592_y10554 5421.550 3374.600 9795.830
18867_4473_x25161_y6054 5527.150 1603.550 4048.550
18867_4513_x27588_y6824 5670.800 1932.720 3298.250
18867_4533_x14227_y15937 5850.700 5282.700 7627.770
18867_4554_x26130_y14869 5936.020 4916.400 3965.200
18867_4593_x26568_y15120 6002.000 5025.420 3827.680
18867_4605_x30309_y8068 5877.380 2428.680 2393.520
18867_4621_x24147_y14734 5897.520 4829.950 4575.420
18867_4647_x12409_y6656 5629.650 1876.570 8095.900
18867_4677_x24410_y14710 5977.330 4802.480 4492.580
18867_4689_x11723_y7039 5699.120 2028.350 8315.780
18867_4724_x12558_y16835 6051.580 5579.400 8184.330
18867_4768_x26326_y6150 5859.670 1697.450 3704.680
18867_4776_x28359_y6621 5969.450 1873.150 3040.850
18867_4789_x23709_y15765 6093.300 5261.620 4718.270
18867_4801_x7068_y12938 5823.300 4218.170 9989.150
18867_4817_x16327_y15739 6059.750 5195.300 6952.580
18867_4824_x31628_y8902 6143.500 2770.600 1940.250
18867_4826_x11914_y16564 6169.750 5466.020 8377.050
18867_4831_x27808_y6496 6005.700 1837.200 3228.620
18867_4874_x16831_y16618 6126.520 5567.900 6816.600
18867_4889_x28329_y6770 6105.770 1960.100 3065.230
18867_4922_x30354_y7405 6231.850 2182.150 2367.800
18867_4926_x25796_y14504 6309.670 4685.020 4067.000
18867_4954_x9860_y7599 6010.650 2239.020 8928.280
18867_4957_x30093_y7560 6277.350 2256.230 2472.200
18867_4984_x30860_y8156 6331.800 2486.800 2215.900
18867_5082_x26232_y14941 6488.880 4876.000 3931.570
18867_5083_x14145_y15212 6409.120 4919.620 7606.850
18867_5169_x12576_y5864 6123.200 1622.900 8080.350
18867_5194_x29530_y6807 6488.830 2014.930 2662.680
18867_5203_x10027_y7237 6274.020 2125.980 8870.170
18867_5287_x32054_y8614 6701.600 2690.770 1805.750
18867_5319_x14289_y4114 6325.950 794.900 7508.670
18867_5408_x30554_y7318 6781.830 2244.070 2323.150
18867_5486_x20836_y5690 6643.670 1528.600 5374.550
18867_5640_x21236_y5683 6832.800 1582.650 5264.250
18867_5654_x12080_y5724 6616.300 1654.380 8263.730
18867_5665_x20882_y6561 6902.300 1973.600 5394.400
18867_5867_x21009_y6208 7137.800 1834.100 5362.480
18867_5894_x10157_y6463 6997.550 1932.070 8885.280
18867_5942_x29015_y5711 7277.900 1721.300 2881.620
18867_6003_x18592_y6204 7319.800 1836.900 6052.900
18867_6007_x18415_y4843 7276.000 1136.680 6111.400
18867_6014_x17935_y4434 7258.350 917.875 6261.830
18867_6085_x20833_y6331 7403.020 1859.820 5429.950
18867_6091_x30186_y6043 7541.200 1857.850 2484.880
18867_6408_x9343_y6158 7636.550 1820.930 9179.380
18867_6413_x20950_y6015 7774.200 1652.700 5403.800
18867_6452_x16339_y18318 7993.050 6168.350 6955.580
18867_6468_x21532_y7741 7846.400 2211.000 5278.770
18867_6985_x12525_y4095 8395.170 980.900 8091.300
18867_6986_x31479_y5932 8662.950 1791.880 2048.100
18867_7123_x11808_y5131 8576.270 1499.030 8320.750
18867_7172_x22280_y4802 8684.450 1030.550 4996.350
18867_7390_x9887_y4961 8948.620 1368.280 9117.800
18867_7541_x13210_y4462 9160.800 1130.000 7886.380
18867_7583_x22567_y18119 9560.950 6156.770 5012.980
18867_7584_x10560_y5816 9199.500 1810.180 8765.380
18867_7790_x21511_y18480 9803.280 6278.750 5347.080
18867_7924_x22262_y16755 9966.650 5598.200 5121.120
18867_8235_x25208_y14610 10307.200 4898.670 4196.900
18868_2225_x15897_y10006 2288.180 3248.800 6320.120
18868_2559_x15436_y13207 2865.000 4376.400 6472.650
18868_2584_x14386_y13639 2880.570 4533.920 6810.200
18868_2593_x15801_y13755 2912.480 4575.620 6351.700
18868_2601_x23273_y17306 2841.550 5848.270 3900.400
18868_2621_x11765_y8944 2801.620 2798.730 7699.270
18868_2924_x10668_y9719 3245.230 3067.050 8045.900
18868_3009_x28076_y11485 3532.600 3599.750 2432.650
18868_3112_x27714_y10534 3737.270 3265.350 2598.900
18868_3207_x27726_y9448 3889.400 2837.400 2623.730
18868_3228_x28576_y10788 3898.230 3336.900 2316.550
18868_3389_x28317_y9872 4171.450 3011.880 2457.380
18868_3419_x27168_y8481 4246.600 2486.020 2873.600
18868_3453_x28753_y10380 4258.420 3199.570 2315.450
18868_3488_x24952_y7321 4404.700 2034.880 3630.620
18868_3507_x7704_y10476 3952.050 3278.700 8974.830
18868_3547_x28065_y9077 4434.150 2726.350 2581.320
18868_3552_x28542_y9340 4420.300 2808.100 2414.570
18868_3564_x27379_y8431 4471.230 2475.150 2829.930
18868_3592_x9776_y8113 4259.230 2359.480 8227.320
18868_3626_x29809_y12585 4462.520 4002.700 1916.000
18868_3627_x28035_y8749 4557.230 2597.620 2608.070
18868_3658_x9598_y8113 4354.900 2363.570 8274.120
18868_3699_x17279_y16010 4660.980 5323.150 5889.900
18868_3715_x8453_y8977 4359.950 2707.250 8663.120
18868_3781_x6715_y11703 4300.230 3730.480 9288.030
18868_3783_x28846_y9268 4769.580 2799.500 2358.900
18868_3799_x26336_y7466 4861.120 2091.320 3225.600
18868_3799_x6462_y13405 4266.480 4347.750 9400.480
18868_3853_x29683_y10294 4841.480 3171.500 2057.950
18868_3856_x26025_y7205 4942.270 1972.600 3333.800
18868_3871_x26350_y7564 4965.050 2142.980 3236.730
18868_3875_x8707_y8341 4622.830 2437.900 8549.030
18868_3922_x26631_y7518 5042.770 2118.700 3143.050
18868_3931_x26823_y7496 5030.830 2096.020 3082.820
18868_3932_x25373_y7132 5059.830 1951.120 3566.950
18868_3977_x25824_y7160 5099.920 1965.200 3417.770
18868_3981_x30626_y12403 4964.770 3929.400 1680.780
18868_4041_x10632_y7193 4992.500 1946.100 7874.800
18868_4047_x27203_y7787 5208.600 2236.650 2983.770
18868_4132_x11881_y6094 5159.650 1697.620 7476.150
18868_4192_x10967_y7007 5228.850 1845.700 7759.200
18868_4221_x5685_y12199 4884.770 3912.700 9616.100
18868_4317_x23980_y6346 5550.350 1572.430 4040.500
18868_4341_x30419_y10114 5524.800 3126.000 1881.930
18868_4430_x9829_y7185 5499.950 1918.700 8110.750
18868_4434_x10947_y6887 5536.500 1778.570 7756.500
18868_4464_x5477_y11004 5239.000 3451.770 9658.950
18868_4517_x31548_y11591 5690.380 3632.450 1434.620
18868_4523_x15124_y15767 5753.050 5284.920 6542.000
18868_4549_x5910_y9879 5402.670 3012.800 9490.300
18868_4634_x13823_y16687 5797.850 5593.980 6972.100
18868_4648_x14941_y16268 5857.080 5471.730 6614.920
18868_4693_x13797_y16937 5844.170 5688.120 6986.980
18868_4706_x15828_y16760 5888.500 5670.100 6356.330
18868_4739_x28536_y7468 6123.100 2098.730 2616.300
18868_4757_x15158_y16995 5924.850 5748.770 6565.250
18868_4803_x7002_y8311 5853.450 2394.120 9069.770
18868_4818_x14513_y17030 5989.000 5755.080 6766.920
18868_4863_x31402_y10126 6186.550 3123.380 1556.280
18868_4883_x27078_y6285 6304.450 1555.500 3097.680
18868_5131_x7596_y7239 6306.850 1920.030 8859.880
18868_5141_x8535_y6876 6357.100 1757.930 8531.300
18868_5156_x9540_y6495 6394.900 1586.280 8207.100
18868_5242_x9858_y5968 6527.950 1354.180 8096.730
18868_5369_x19532_y5532 6864.250 1109.180 5375.020
18868_5397_x19819_y6085 6929.770 1422.350 5292.500
18868_5456_x7773_y6771 6740.120 1709.620 8814.030
18868_5531_x7356_y7030 6831.850 1827.900 8974.200
18868_5686_x9887_y5415 7105.770 1164.930 8108.770
18868_5701_x9538_y5736 7108.520 1300.970 8232.780
18868_5723_x7031_y7203 7071.600 1911.350 9114.520
18868_5724_x8616_y5999 7100.830 1407.650 8538.650
18868_5965_x17541_y6435 7648.580 1706.500 5933.600
18868_5983_x17523_y5085 7666.830 986.000 5950.770
18868_6000_x19811_y5444 7729.880 1179.550 5318.480
18868_6019_x9541_y5296 7528.980 1175.470 8238.350
18868_6196_x17668_y4955 7966.920 960.250 5921.100
18868_6405_x11428_y4397 8144.500 898.400 7678.420
18868_6757_x10353_y4324 8626.780 936.125 8059.850
18868_7311_x22238_y17329 9131.880 6117.330 4450.380
18869_00020 10333.800 5418.080 7885.850
18869_00024 6222.420 5146.270 4123.800
18869_00025 6105.900 4195.830 3898.900
18869_00028 6653.800 4464.700 3420.650
18869_3064_x20999_y7621 4116.200 3747.250 2474.770
18869_3239_x6605_y6691 4231.750 3545.520 8970.170
18869_3263_x6927_y6229 4284.620 3293.520 8817.200
18869_3305_x6812_y6104 4312.420 3216.300 8880.500
18869_3321_x21485_y7678 4487.050 3731.050 2273.950
18869_3395_x6415_y6741 4451.300 3565.180 9064.200
18869_3398_x6248_y7047 4433.670 3737.680 9142.550
18869_3480_x6168_y6983 4556.770 3701.880 9184.280
18869_3482_x7077_y5660 4580.480 2957.880 8756.600
18869_3504_x6554_y5961 4553.250 3126.300 9012.950
18869_3506_x6250_y6810 4596.770 3610.730 9148.220
18869_3547_x21769_y7449 4790.020 3578.980 2178.980
18869_3590_x6132_y6798 4696.520 3602.570 9209.830
18869_3634_x20027_y5437 4975.480 2455.600 3160.050
18869_3634_x5750_y7170 4709.730 3802.430 9388.750
18869_3659_x21701_y7032 4955.350 3343.300 2253.570
18869_3701_x5589_y7633 4803.750 4057.100 9468.450
18869_3701_x7703_y4993 4885.050 2550.480 8466.470
18869_3741_x6284_y6163 4895.250 3240.200 9145.900
18869_3751_x5868_y6832 4888.420 3616.150 9344.550
18869_3761_x5335_y8118 4861.020 4320.270 9590.830
18869_3857_x22137_y7268 5222.230 3438.620 2063.850
18869_3937_x5000_y8198 5055.500 4362.670 9751.880
18869_4001_x4383_y7249 4998.550 3842.200 10059.000
18869_4026_x21667_y6102 5440.900 2783.300 2390.570
18869_4036_x8032_y4635 5308.230 2319.730 8317.780
18869_4050_x21764_y6239 5488.520 2867.180 2341.520
18869_4054_x19963_y5080 5485.300 2235.600 3276.950
18869_4089_x6848_y5110 5339.730 2619.800 8880.080
18869_4091_x4807_y8065 5244.980 4291.880 9862.880
18869_4181_x21056_y5611 5698.250 2523.400 2762.270
18869_4184_x11041_y4195 5367.900 1852.720 6984.150
18869_4196_x21043_y5510 5679.550 2463.950 2763.700
18869_4253_x4991_y7023 5466.900 3720.820 9783.330
18869_4268_x10899_y9077 5591.020 4520.900 6744.350
18869_4275_x8819_y9368 5715.380 4849.100 7845.800
18869_4282_x22276_y6457 5808.980 2949.600 2135.650
18869_4301_x16815_y4413 5565.050 1788.780 4721.000
18869_4301_x20547_y5218 5835.770 2303.150 3038.930
18869_4302_x23433_y9053 5814.580 4345.080 1439.930
18869_4345_x7097_y4738 5640.600 2389.000 8770.800
18869_4347_x8166_y4281 5619.000 2092.000 8266.580
18869_4371_x21382_y5522 5922.900 2438.350 2633.020
18869_4384_x15799_y10704 5685.230 5377.300 4887.000
18869_4410_x8772_y3996 5643.800 1891.000 7991.950
18869_4414_x15653_y4273 5599.900 1640.680 5199.300
18869_4419_x16667_y10498 5746.830 5231.480 4534.850
18869_4426_x7611_y4421 5708.170 2184.950 8528.220
18869_4453_x9586_y8809 5890.150 4386.750 7250.300
18869_4457_x17404_y9449 5860.420 4581.650 4359.900
18869_4468_x23035_y7089 6054.480 3243.620 1753.820
18869_4469_x21852_y5924 6092.170 2649.650 2419.570
18869_4511_x11720_y4070 5698.670 1743.050 6727.800
18869_4520_x23555_y8194 6104.100 3844.730 1452.620
18869_4550_x17965_y4177 5873.170 1701.100 4255.980
18869_4550_x7203_y4574 5875.250 2292.450 8727.320
18869_4571_x10055_y8359 5969.800 4043.770 6983.150
18869_4587_x23021_y6827 6229.230 3091.800 1800.050
18869_4599_x7153_y3640 5731.050 1659.150 8771.670
18869_4625_x5853_y5391 5962.520 2790.980 9386.670
18869_4629_x8451_y4031 5916.520 1945.530 8151.920
18869_4662_x10221_y8547 6069.880 4098.150 6970.270
18869_4693_x19236_y9148 6292.880 4322.580 3622.600
18869_4722_x18329_y4110 6074.400 1686.120 4114.420
18869_4727_x9851_y8415 6152.200 4045.200 7124.520
18869_4764_x5211_y5995 6112.170 3135.650 9713.500
18869_4786_x18238_y10268 6330.100 5018.300 3936.000
18869_4787_x8961_y9647 6251.670 4918.170 7786.230
18869_4837_x18229_y3163 6030.100 935.775 4124.800
18869_4841_x18666_y8144 6387.330 3634.900 3896.930
18869_4848_x18620_y8132 6384.020 3620.400 3921.250
18869_4883_x18883_y4120 6285.100 1704.070 3888.570
18869_4890_x8926_y9583 6374.350 4871.450 7786.800
18869_4912_x19648_y8510 6546.750 3855.880 3448.430
18869_4953_x22613_y6076 6716.100 2678.320 2116.020
18869_4997_x13063_y4444 6310.420 1866.550 6196.800
18869_5019_x5442_y5910 6481.830 3100.600 9618.720
18869_5024_x5544_y5480 6444.350 2838.650 9570.400
18869_5033_x23046_y6158 6788.700 2693.250 1888.280
18869_5108_x7688_y4065 6482.580 1996.550 8536.400
18869_5123_x17555_y3609 6464.080 1257.400 4468.550
18869_5126_x8617_y7685 6599.770 3657.050 7877.580
18869_5150_x8933_y7652 6614.400 3581.770 7719.080
18869_5213_x7186_y4274 6628.020 2125.300 8778.500
18869_5237_x7485_y4162 6655.920 2065.820 8637.080
18869_5286_x15761_y3297 6552.880 924.700 5180.450
18869_5317_x6063_y4638 6732.420 2332.770 9340.080
18869_5343_x5414_y5337 6803.770 2757.550 9653.750
18869_5393_x8284_y3671 6757.550 1728.680 8277.220
18869_5418_x23277_y4971 7059.200 1892.180 1782.200
18869_5431_x21494_y4633 7078.800 1883.470 2701.730
18869_5444_x13271_y3998 6835.600 1542.070 6132.100
18869_5482_x15126_y4142 6940.000 1592.620 5490.350
18869_5553_x7275_y3994 6991.580 1947.100 8753.830
18869_5571_x8792_y4549 7057.880 2282.500 8016.480
18869_5684_x13521_y3699 7111.380 1321.500 6062.550
18869_5692_x6534_y3440 7039.620 1513.050 9116.670
18869_5694_x15073_y4098 7207.900 1593.820 5511.580
18869_5705_x4706_y6107 7277.450 3224.050 9995.280
18869_5754_x7159_y3959 7237.450 1912.400 8807.550
18869_5802_x13547_y4406 7334.420 1854.380 6057.170
18869_5941_x16325_y2938 7434.050 752.000 4999.920
18869_5980_x7654_y3517 7484.750 1587.030 8579.720
18869_6076_x17177_y3306 7705.150 1057.220 4660.550
18869_6241_x19347_y3562 8011.380 1297.550 3752.800
18869_6291_x15236_y3478 7949.120 1119.650 5424.350
18869_6454_x17703_y2478 8133.330 495.675 4432.270
18869_6732_x9649_y3919 8461.580 1797.880 7708.880
18869_6854_x10735_y2978 8573.700 1095.150 7253.400
18869_7121_x17742_y2862 9063.500 794.625 4393.770
18869_7358_x8916_y4859 9326.830 2427.250 8070.250
18869_7472_x16444_y11009 9718.450 5386.770 4710.250
18869_7986_x18907_y11037 10411.800 5343.580 3563.300
18869_7989_x9123_y9916 10192.700 5053.480 7933.330
191801_1996_x10466_y16907 2096.850 5341.170 6744.170
191801_3966_x14363_y10542 4618.150 7012.920 3630.070
191801_4180_x7440_y5386 4910.420 2754.200 1829.220
191801_4228_x15043_y11097 4926.950 7449.250 3817.620
191801_4724_x4226_y10240 5557.550 954.100 4333.600
191803_8254_x7045_y21580 9964.850 3474.250 8633.880
191807_2469_x5431_y10056 2499.980 3590.500 3789.880
191807_2729_x3750_y9965 2560.800 2629.680 3760.520
191807_3532_x4912_y7973 3712.300 2828.180 2874.050
191807_4114_x3589_y10280 4336.400 1843.500 3888.550
191807_4821_x3698_y18726 5456.420 1650.650 7407.850
191807_4923_x7499_y24194 6316.100 3739.320 9655.830
191807_5031_x5620_y23074 6165.270 2738.180 9256.950
191807_5062_x6404_y23808 6302.400 3119.950 9545.050
191807_5178_x5002_y23078 6163.600 2316.570 9316.450
191807_5199_x3288_y11643 5659.500 1093.400 4449.020
191807_5629_x4661_y9410 6383.550 1564.680 3458.750
191807_5811_x3931_y20674 6753.670 1359.050 8185.670
191807_5921_x4355_y21421 6972.300 1585.320 8525.250
191812_2734_x6259_y10487 3006.480 2295.550 3501.320
191812_2978_x7903_y22705 3275.930 3515.770 8876.780
191812_3140_x5204_y12992 3548.270 1577.950 4649.150
191812_3163_x6264_y21524 3564.750 2568.350 8301.080
191812_3176_x5144_y19229 3604.570 1841.570 7276.950
191812_3438_x6058_y10197 4018.680 2035.150 3486.600
191812_3494_x7001_y8336 3985.480 2573.000 2602.980
191812_3675_x8625_y6930 4163.670 3500.200 1915.880
191812_3727_x4996_y18685 4345.450 1648.900 6998.830
191812_3758_x8791_y24162 4340.480 3947.750 9438.450
191812_3762_x9097_y24261 4337.650 4105.050 9491.770
191812_3801_x5383_y20989 4431.150 1971.700 7977.920
191812_3915_x8011_y24180 4528.020 3533.730 9421.330
191812_3922_x8455_y6768 4499.330 3386.100 1871.450
191812_4003_x5886_y22658 4641.620 2313.350 8713.280
191812_4067_x7961_y6860 4702.000 3097.050 1951.780
191812_4322_x7645_y6848 5027.500 2909.230 1989.950
191812_4445_x5426_y10324 5226.420 1543.850 3636.770
191812_4446_x6677_y24393 5178.550 2754.800 9482.650
191812_4664_x8027_y25176 5480.380 3502.450 9816.620
191812_4686_x10891_y5452 5426.670 4652.400 1268.570
191812_4775_x5212_y22490 5635.230 1874.220 8602.120
191812_5154_x9610_y25921 6084.730 4342.700 10112.800
191812_5158_x9017_y25877 6072.770 4019.230 10101.200
191812_5219_x4127_y21100 6157.730 1192.350 8024.750
191812_5221_x9028_y25900 6162.700 4021.120 10105.700
191812_5411_x6011_y24641 6427.880 2353.520 9582.600
191812_5586_x4875_y23378 6631.800 1688.380 9034.580
191812_5676_x8072_y26215 6736.480 3486.500 10281.900
191812_5922_x4572_y8645 6996.000 1104.200 2866.150
191812_6084_x5026_y7787 7211.100 1376.620 2471.200
191812_6351_x5009_y7424 7554.500 1381.280 2300.730
236174_2657_x11930_y12250 3505.570 4261.350 3689.900
236174_2669_x10674_y13239 3472.850 3676.930 4081.400
236174_2801_x11376_y11451 3658.150 4072.050 3334.250
236174_3001_x12887_y24248 4137.700 3983.270 7992.050
236174_3029_x12820_y24699 4229.980 3919.820 8176.420
236174_3215_x11999_y11133 4272.770 4343.650 3282.350
236174_3229_x11884_y10380 4365.580 4337.850 2949.550
236174_3229_x11951_y11316 4352.230 4288.380 3283.880
236174_3229_x12413_y11831 4417.700 4458.230 3615.250
236174_3329_x13938_y26099 4623.150 4309.380 8890.830
236174_3429_x12632_y10625 4551.330 4600.620 3081.700
236174_3447_x12562_y10626 4515.170 4585.330 3083.200
236174_3529_x12805_y10541 4626.620 4666.650 3050.680
236174_3529_x13394_y26567 4869.150 4034.380 8977.380
236174_3529_x13688_y26111 4869.650 4175.800 8778.480
236174_3536_x15159_y25525 4857.520 4827.020 8759.900
236174_3729_x12692_y9419 4828.350 4666.770 2594.980
236174_3729_x13645_y9551 4804.380 5038.750 2634.250
236174_3729_x15151_y26698 5132.900 4769.950 9223.050
236174_3829_x13590_y9284 4914.580 5023.120 2545.700
236174_3829_x14826_y27255 5207.270 4610.080 9413.920
236174_3829_x16301_y26647 5279.850 5243.620 9358.420
236174_3893_x17507_y26071 5307.880 5730.920 9301.150
236174_3929_x12721_y8845 5003.230 4698.150 2386.730
236174_3929_x13599_y9165 4990.950 5027.920 2510.450
236174_3970_x13439_y8678 5113.830 4989.830 2334.550
236174_4029_x13079_y8858 5084.800 4834.900 2401.620
236174_4129_x16214_y10304 5297.500 5951.880 3068.930
236174_4229_x13663_y8589 5282.620 5075.600 2323.120
236174_4266_x13848_y8550 5346.500 5156.770 2318.700
236174_4429_x13147_y8003 5568.270 4894.100 2110.050
236174_4647_x16405_y27845 6130.550 5202.080 9686.970
236174_4729_x16869_y27809 6254.200 5396.920 9715.980
236174_5138_x16501_y28259 6616.500 5172.080 9794.980
236174_5338_x13590_y7348 6640.000 5106.420 1948.030
236174_5670_x14073_y29439 7183.750 3811.950 10025.600
236174_5738_x11712_y6818 7002.520 4234.200 1615.530
236174_5840_x15240_y29741 7367.150 4351.100 10208.400
236174_6338_x12092_y5845 7675.480 4417.270 1149.680
236174_6338_x12496_y6617 7730.900 4528.400 1496.650
236174_6438_x12218_y5897 7773.950 4446.950 1174.820
236174_6855_x15550_y29832 8281.500 4285.830 10211.500
236174_7077_x14579_y30892 8486.380 3752.020 10589.200
pre_17543_01053 1326.500 5700.700 3275.480
pre_17543_01090 1188.720 5925.550 7713.520
pre_17543_01139 1478.500 6080.100 2787.800
pre_17543_01171 1672.500 6181.050 8183.600
pre_17543_01241 1411.900 6474.730 2780.550
pre_17543_01274 1608.620 6594.080 8090.380
pre_17543_01276 1382.550 6635.050 2985.020
pre_17781_00066 3455.400 3953.500 3527.020
pre_18047_00009 3608.200 2494.680 7895.830
pre_182712_00003 4897.120 7400.450 7716.620
pre_182712_00004 4798.020 7381.480 7314.950
pre_182712_00027 5591.900 7162.100 3054.250
pre_18454_00305 5291.380 3002.320 3942.500
pre_18454_00376 4209.580 3574.820 3685.400
pre_18454_00377 3303.320 3868.980 3511.800
pre_18454_00450 4213.330 3522.070 3474.850
pre_18454_00579 5476.750 3379.480 3019.930
pre_18454_00865 5855.420 4313.330 2099.350
pre_18455_00241 4980.670 6849.520 4616.550
pre_18458_00150 2422.800 2470.450 8199.300
pre_18458_00348 6811.800 2101.600 4337.420
pre_18458_00351 6973.330 2058.400 4303.450
pre_18458_00354 7626.100 2103.880 4367.170
pre_18458_00356 7374.420 2092.950 4275.830
pre_18458_00357 7431.170 2236.430 4205.050
pre_18458_00360 7479.450 2221.800 4240.120
pre_18458_00367 7231.670 2326.750 4048.930
pre_18458_00369 7041.850 2342.520 4177.000
pre_18458_00373 7597.980 2463.200 3316.500
pre_18458_00374 7702.900 2585.050 3074.880
pre_18464_00077 5882.880 3812.450 8096.250
pre_18464_00086 4526.380 3891.480 7383.380
pre_18464_00087 4508.020 3940.400 6901.250
pre_18464_00099 7563.170 1873.720 7435.520
pre_18464_00102 7103.350 2351.150 6343.920
pre_18464_00103 7386.270 2395.820 6378.700
pre_18464_00138 7388.900 1997.280 3947.400
pre_18464_00159 4666.550 5566.480 8513.250
pre_18464_00163 4086.900 4705.120 6942.050
pre_18464_00168 5200.520 5097.500 6789.330
pre_18464_00169 5133.350 5216.450 6823.830
pre_18464_00180 5037.380 6641.200 8329.000
pre_18464_00182 3508.000 6473.880 6421.770
pre_18465_00102 7658.730 2297.120 7305.270
pre_18465_00267 8951.330 5002.650 8820.770
pre_18465_00268 8868.530 5183.840 8654.570
pre_18465_00366 8370.100 3175.150 8492.380
pre_18465_00367 8478.030 3031.570 8302.300
pre_18465_00368 8473.380 3085.980 8377.250
pre_18465_00369 8589.120 3138.680 8089.380
pre_18465_00370 8496.600 3144.230 8087.550
pre_18465_00371 8617.670 3073.950 8045.550
pre_18465_00373 8718.250 2929.300 8070.120
pre_18467_00104 7933.050 3386.300 10131.300
pre_18467_00342 5755.420 6827.770 7644.250
pre_18467_00495 8544.170 5993.920 2029.300
pre_18469_00001 6106.500 1165.720 3763.050
pre_18469_00002 6389.900 1194.930 3397.570
pre_18469_00086 6762.620 732.450 5274.650
pre_18864_00003 3684.750 1776.430 7652.830
pre_18864_00008 7032.400 580.325 6640.350
pre_18864_00012 5793.270 1139.470 8055.100
pre_18864_00014 5190.550 1446.430 8099.420
pre_18864_00016 5787.500 1195.530 8110.520
pre_18864_00018 5974.250 979.625 3498.020
pre_18864_00021 8079.450 489.925 7373.150
pre_18864_00025 2951.120 2204.250 3728.650
pre_18864_00026 4299.550 1930.900 8237.650
pre_18864_00027 5416.580 1400.530 8176.380
pre_18864_00036 4097.380 1723.300 3656.380
pre_18864_00038 4266.830 1648.050 3969.070
pre_18864_00039 8539.700 433.225 7113.750
pre_18864_00042 8004.800 510.500 4466.730
pre_18864_00043 4586.120 1569.050 3739.820
pre_18864_00044 4756.830 1954.950 8788.380
pre_18864_00046 7862.230 607.175 3835.900
pre_18864_00048 7648.580 667.100 3645.600
pre_18864_00051 5229.850 1643.950 8196.930
pre_18864_00059 4724.620 1633.500 4066.620
pre_18864_00060 7156.770 995.900 8448.450
pre_18864_00062 3620.980 2139.350 3333.020
pre_18864_00065 4891.650 1668.100 2911.850
pre_18864_00067 5161.750 1869.000 8407.900
pre_18864_00069 3268.400 2585.770 8310.150
pre_18864_00073 6418.380 1379.100 8972.230
pre_18864_00074 4166.900 2006.820 3430.800
pre_18864_00079 6942.450 1228.780 8442.030
pre_18864_00081 2779.600 2803.930 8328.180
pre_18864_00082 4137.500 2474.270 8761.600
pre_18864_00083 8161.920 730.500 3258.600
pre_18864_00084 5741.800 1517.400 3696.650
pre_18864_00088 8137.500 941.475 8176.480
pre_18864_00098 8645.000 793.400 3552.570
pre_18864_00108 5616.750 1882.800 2325.150
pre_18864_00111 5511.670 1992.750 1964.120
pre_18864_00113 5632.830 2307.450 9540.200
pre_18864_00114 4414.200 2852.500 9371.880
pre_18864_00147 7780.250 1572.280 1848.930
pre_18864_00153 2882.550 3540.300 8634.320
pre_18864_00163 7500.120 1875.200 1571.100
pre_18864_00174 3299.150 3643.430 2621.180
pre_18864_00180 7585.580 2215.700 1191.030
pre_18864_00225 5017.880 4438.420 1409.900
pre_18864_00247 3175.450 3284.100 2796.400
pre_18864_00286 4772.050 1416.500 3865.120
pre_18864_00411 2517.650 2062.100 6567.950
pre_18864_00413 3000.150 1786.470 6726.100
pre_18864_00414 2296.250 2348.250 6955.000
pre_18864_00420 2206.480 3134.620 6949.830
pre_18864_00424 2864.270 3273.100 8591.450
pre_18864_00426 3531.680 1533.970 6445.600
pre_18864_00427 3919.750 1566.430 6066.880
pre_18864_00432 4426.550 1795.350 8002.250
pre_18864_00442 6247.170 1709.650 9251.350
pre_18864_00457 6933.980 662.100 6856.420
pre_18864_00460 6431.480 638.800 7304.580
pre_18866_00139 8863.050 2990.900 2928.250
pre_18866_00186 8981.700 3217.100 2748.620
pre_18866_00299 8832.300 4223.080 2225.600
pre_18866_01458 8174.880 2511.770 8034.250
pre_18868_00443 3811.300 2546.480 7872.520
pre_18868_00465 3134.020 3521.770 8448.730
