15257_2226_x16029_y23953 2953.525 2879.025 3753.050
15257_2309_x13266_y25533 3360.525 4078.525 3174.525
15257_2627_x17126_y20600 3426.950 2009.275 5138.975
15257_3271_x15413_y13333 4440.125 2628.000 8036.300
15257_4021_x16401_y21556 5478.525 1682.575 4882.100
15257_4149_x16164_y21238 5674.525 1737.725 5003.650
15257_4397_x16794_y21812 5906.850 1339.675 4785.700
15257_4485_x16442_y16836 5973.875 1427.100 6585.300
15257_4500_x16614_y17147 5979.800 1331.775 6464.425
17109_1701_x8048_y22277 2820.175 3990.050 7795.550
17109_1801_x6698_y12550 3003.125 3453.775 4191.800
17109_1901_x9602_y10508 3183.950 4764.250 3375.825
17109_2201_x8046_y23301 3479.625 3790.725 8126.500
17109_2301_x8535_y23051 3562.350 4013.725 8007.975
17109_2301_x9418_y23665 3535.425 4363.250 8328.100
17109_2401_x8977_y24184 3737.100 4093.525 8497.250
17109_2401_x9338_y2394 3727.100 4285.150 8300.925
17109_2401_x9695_y9693 3879.000 4732.100 3261.875
17109_2401_x9954_y9122 3832.800 4865.825 2947.775
17109_2500_x9864_y9311 3930.450 4806.400 3081.000
17109_2601_x10213_y8783 4126.175 4934.650 2859.575
17109_2601_x9296_y24691 3998.125 4142.300 8708.075
17109_2601_x9498_y8169 4160.400 4654.175 2645.725
17109_3101_x10824_y7188 4866.075 5111.025 2283.250
17109_3701_x9228_y26684 5291.925 3768.850 9538.475
17109_4101_x6753_y6197 6037.475 3118.300 2125.350
17109_4764_x6621_y5727 6806.925 2987.200 1964.675
17109_4772_x9038_y27257 6566.075 3493.150 9725.550
17109_6201_x4328_y6753 9260.575 1814.675 2845.550
17109_6301_x4756_y24516 8614.051 1527.875 8583.650
17109_6401_x7641_y3978 9096.250 3343.175 1533.025
17109_6401_x7989_y3767 9028.025 3275.950 1457.125
17109_6501_x6997_y4287 9152.625 3034.450 1570.250
17109_6601_x4384_y7436 8783.025 1785.600 2531.850
17109_6601_x5417_y25287 8962.825 1845.200 8970.275
17109_6801_x7432_y4405 9533.300 3203.025 1673.525
17109_6901_x7203_y26714 9248.899 2556.025 9601.825
17109_7001_x5738_y6470 9733.450 2493.900 2500.725
17109_7001_x6205_y5194 9757.476 2722.175 1932.775
17300_3426_x20339_y44872 5354.050 3600.675 9876.050
17300_3514_x19676_y45282 5454.750 3747.925 9976.950
17300_5571_x27063_y39610 7845.575 1084.250 8362.250
17300_5896_x24862_y27320 8308.125 1610.825 5457.000
17300_5969_x27278_y20820 8162.774 794.875 4004.325
17300_6010_x23413_y13446 8363.750 1941.550 1893.575
17302_00001 5127.975 4972.750 9085.900
17302_00002 4999.400 5010.575 9060.300
17302_00003 5143.725 4929.400 9214.000
17302_00005 4939.750 4732.025 8835.575
17302_00006 5222.525 4698.300 9069.600
17302_00007 5270.675 4716.525 9040.525
17302_00009 5070.425 4553.950 8955.700
17302_00010 5068.300 4388.375 8871.700
17302_00011 5252.000 4526.475 9084.275
17302_00013 5113.150 4445.200 9005.675
17302_00014 4809.950 4174.225 8894.226
17302_00015 5233.425 4152.450 9032.600
17302_00016 4993.325 3848.300 8884.875
17302_00017 6886.200 4689.350 9512.725
17302_00018 5181.425 5271.475 8659.400
17302_00020 6765.775 4762.900 7519.425
17302_00021 6678.050 4544.900 7455.575
17302_00023 6444.675 4579.600 6285.925
17302_00024 5847.875 4685.275 5577.875
17302_00025 6229.200 4102.850 5479.175
17302_00027 4965.550 4418.150 8798.200
17302_00030 4277.575 4475.450 8436.950
17302_00031 4919.500 4275.175 8502.300
17302_00032 4341.925 4080.250 8516.175
17302_00033 4252.525 4342.500 7857.075
17302_00035 8372.850 4043.975 7857.075
17302_00036 8208.525 3948.425 7956.225
17302_00037 7130.475 3579.250 8139.825
17302_00038 8386.825 3660.725 8053.625
17302_00039 7625.450 3302.750 8118.250
17302_00040 7894.900 3219.700 7893.325
17302_00041 7831.075 3163.450 7982.675
17302_00043 5287.375 3614.175 8356.125
17302_00044 4709.875 3528.000 8286.975
17302_00045 4663.700 3675.325 8113.850
17302_00046 5730.275 3187.625 8364.601
17302_00047 5220.850 2862.375 7905.500
17302_00048 7305.650 3014.450 8020.425
17302_00049 7649.726 3017.500 7927.425
17302_00050 4245.925 4214.975 7447.100
17302_00052 8356.225 3690.700 7741.500
17302_00053 6807.650 3933.475 7516.225
17302_00054 7294.075 4085.025 7239.125
17302_00055 4977.600 3274.075 7505.725
17302_00056 5005.750 3059.175 7719.875
17302_00057 4712.825 3089.050 7476.775
17302_00059 4295.600 3412.000 7042.425
17302_00062 5183.025 2938.575 7170.925
17302_00063 5201.250 2764.125 6990.875
17302_00064 7251.975 2916.600 7879.800
17302_00065 7200.400 2903.125 7803.775
17302_00066 7652.200 2959.625 7830.400
17302_00074 4588.550 4816.750 4179.275
17302_00075 5071.250 4735.425 2874.725
17302_00076 8126.024 3867.175 3695.450
17302_00077 8085.625 3800.800 3674.950
17302_00078 7562.050 3751.450 3466.075
17302_00079 8390.525 3765.625 3414.375
17302_00080 8078.725 3756.550 3366.250
17302_00081 5230.750 5233.500 2467.875
17302_00085 5700.700 4770.050 2511.800
17302_00086 5140.450 4671.475 2610.725
17302_00087 5053.600 4723.050 2432.950
17302_00091 5216.400 4245.400 2562.875
17302_00093 5271.150 4722.775 2422.525
17302_00094 5204.350 4730.775 2392.575
17302_00095 5218.200 4632.350 2430.800
17302_00096 5001.175 4624.250 2375.100
17302_00097 5308.575 4663.300 2293.250
17302_00098 5155.400 4271.550 2419.750
17302_00099 6938.850 4569.025 2215.275
17302_00101 4604.100 3493.725 4460.050
17302_00102 4486.850 3227.225 4098.250
17302_00103 5652.750 2653.875 4380.250
17302_00105 3990.100 4270.650 3557.850
17302_00106 4943.550 3503.700 3961.000
17302_00108 4509.925 4032.400 2964.825
17302_00110 4691.900 3770.100 3368.175
17302_00112 7295.050 3655.875 3800.650
17302_00113 6821.325 3710.775 3665.250
17302_00114 7094.375 3665.400 3619.975
17302_00115 7341.775 3646.450 3661.450
17302_00116 7522.300 3655.650 3626.025
17302_00117 7425.975 3390.325 3389.375
17302_00118 7877.400 3432.550 3256.650
17302_00119 7754.775 3036.600 3739.175
17302_00120 7646.275 2926.000 3705.000
17302_00121 7572.675 2953.850 3657.450
17302_00123 4777.050 3207.125 3974.750
17302_00124 5211.475 3512.600 2864.925
17302_00125 7588.350 3101.625 4015.800
17543_2434_x11441_y5587 3222.150 5183.450 2130.650
17543_3308_x10077_y3766 4307.350 5006.875 1587.425
17543_3471_x12087_y3637 4257.075 5990.375 1449.450
17543_3705_x9619_y20864 4403.100 4708.675 9396.575
17543_3828_x6023_y17044 5507.525 2892.250 7550.525
17543_3842_x7369_y3542 5664.425 3454.350 1822.750
17543_4868_x6727_y21047 6610.500 2742.500 9645.625
17543_4926_x5833_y20277 6865.925 2227.850 9285.926
17543_5296_x5131_y20385 7491.275 1684.125 9354.149
17543_5334_x5066_y20381 7560.875 1635.425 9352.450
17545_00001 5193.750 5415.650 9103.700
17545_00003 7123.000 5119.525 7932.975
17545_00004 5015.850 5133.325 9096.975
17545_00006 5014.975 4803.475 9100.801
17545_00007 5204.575 5034.450 9051.625
17545_00008 5291.175 4982.850 9110.601
17545_00023 5099.175 4339.225 9212.575
17545_00024 5127.450 4183.225 9058.025
17545_00025 4860.950 3947.600 8927.075
17545_00026 5174.000 4012.225 9115.574
17545_00027 5646.750 4962.950 9402.875
17545_00028 7020.675 4640.525 9468.225
17545_00029 5522.275 4265.650 9070.525
17545_00030 5190.300 3783.600 8913.774
17545_00040 4487.800 5180.750 8500.950
17545_00041 4808.600 4953.650 8943.200
17545_00044 5384.075 4836.325 8615.025
17545_00045 5084.250 4495.550 8898.575
17545_00046 4392.375 4228.150 8668.525
17545_00047 4592.375 3993.425 8677.525
17545_00048 4142.750 4185.000 8201.050
17545_00050 4999.450 4217.175 8497.025
17545_00052 4186.300 4937.950 7675.850
17545_00053 4643.575 4241.675 7379.875
17545_00054 7144.100 4203.000 8303.325
17545_00055 7077.400 3974.225 8318.725
17545_00056 7204.600 3935.400 8152.851
17545_00057 6835.225 4722.900 7395.425
17545_00058 7174.450 4206.025 7873.025
17545_00059 4489.325 3455.075 8260.825
17545_00060 4205.175 3607.975 8104.100
17545_00063 5476.325 2917.875 8001.525
17545_00064 4063.250 3556.625 7896.475
17545_00065 4980.900 3571.200 7399.800
17545_00066 4806.175 3119.825 7739.875
17545_00067 5552.100 2812.175 7447.725
17545_00068 4879.225 3144.075 6997.899
17545_00071 7039.800 4229.375 7193.476
17545_00073 7311.500 4394.575 9754.500
17545_00074 7404.725 4316.775 9777.125
17545_00075 7393.175 4077.475 8280.475
17545_00078 7255.925 3894.250 8212.625
17545_00081 8192.100 3947.250 8172.400
17545_00082 8431.900 3960.425 8127.150
17545_00084 7420.200 4709.375 7398.750
17545_00085 7637.700 4760.900 7620.050
17545_00088 7656.950 3585.675 8521.375
17545_00089 7289.200 3601.500 8157.500
17545_00091 7860.900 3577.125 8146.850
17545_00092 7883.975 3754.550 8321.650
17545_00093 7611.900 3197.775 8183.225
17545_00094 7751.050 3242.025 8264.750
17545_00095 7767.550 3463.300 8009.250
17545_00110 6944.275 4352.950 4386.675
17545_00111 4268.525 3145.550 4230.300
17545_00113 4172.350 3385.625 4017.375
17545_00115 4085.350 5195.475 3636.700
17545_00116 4635.850 4785.175 3060.575
17545_00118 4931.075 5299.175 2780.325
17545_00119 5123.575 5013.425 2804.900
17545_00120 5512.375 5156.625 2981.675
17545_00121 5622.100 4937.500 3049.400
17545_00122 5131.150 4935.300 2908.300
17545_00124 5175.950 4835.775 2572.500
17545_00125 4998.275 4787.625 2568.250
17545_00126 5136.625 4676.100 2637.600
17545_00129 5280.975 4829.775 2689.325
17545_00130 5078.000 4532.725 2848.525
17545_00131 5053.225 4451.550 2831.250
17545_00132 5025.675 4472.050 2795.375
17545_00136 5050.025 4649.500 2603.100
17545_00138 5114.400 4591.100 2537.125
17545_00140 5157.675 4544.250 2598.100
17545_00142 7259.125 4886.150 3874.275
17545_00143 4440.650 4080.875 2932.100
17545_00144 4811.050 4280.600 3227.850
17545_00145 5075.350 4076.525 3105.925
17545_00146 4927.900 3951.875 3182.925
17545_00147 4260.925 3632.375 3374.775
17545_00149 5257.975 3637.200 3134.125
17545_00150 4969.775 3896.050 2911.000
17545_00154 7088.650 3805.900 3864.275
17545_00155 5532.775 3670.525 2840.925
17545_00158 4926.650 2940.375 4371.550
17545_00159 5562.475 2770.200 4093.225
17545_00162 8078.675 4333.575 3835.450
17545_00163 8444.050 4051.600 3651.250
17545_00164 8707.875 4472.150 3350.325
17545_00165 8558.475 4349.900 3385.625
17545_00166 8520.500 4281.375 3355.625
17545_00168 7235.100 3725.500 3589.850
17545_00169 7808.775 3882.075 3761.000
17545_00170 7772.200 3521.950 3693.600
17545_00172 7382.025 3926.500 3532.325
17545_00173 8165.550 3606.800 3345.675
17545_00174 7534.675 3180.650 3553.225
17545_00175 6348.975 4853.650 6268.125
17545_00176 7280.325 3412.475 3973.575
17545_00177 6085.250 4240.550 6052.525
17545_00178 6221.525 5102.875 5293.550
17545_00179 8006.275 3717.925 3516.750
17545_00180 6267.225 5094.350 6273.875
17781_00001 4160.350 5744.000 3401.300
17781_00003 3818.600 4002.850 8063.900
17781_00004 5983.050 5034.800 2017.800
17781_2184_x15071_y19950 2789.125 4329.575 3975.800
17781_2491_x13559_y38398 3086.075 3813.200 8775.775
17781_3668_x9453_y17266 4789.975 2684.400 3537.800
17781_3819_x16144_y41186 4839.950 4291.800 9377.000
17781_4095_x17570_y12460 5258.625 5033.200 2168.925
17781_4710_x13766_y10574 5969.750 3805.700 1733.900
17781_4874_x11466_y11924 6236.975 3172.725 2173.325
17781_5166_x11993_y10858 6546.075 3280.925 1891.150
17781_5361_x17741_y11849 6865.700 4975.025 2267.225
17781_5548_x15772_y8872 7019.400 4415.775 1353.875
17781_5655_x10641_y11102 7145.300 2898.025 1965.450
17781_5894_x11460_y10079 7452.925 3124.150 1692.800
17781_6028_x9772_y42888 7422.500 2449.900 9702.300
17781_6202_x7633_y12296 7775.200 1967.175 2234.350
17781_6228_x12697_y8412 7925.300 3449.050 1227.300
17781_6262_x6896_y13574 7853.200 1725.950 2598.175
17781_6270_x9494_y43380 7736.400 2344.500 9869.200
17781_6287_x8230_y11645 7926.100 2175.175 2042.850
17781_6325_x14423_y8278 8081.325 3922.950 1273.125
17781_6355_x6443_y33777 7913.800 1590.975 7280.800
17781_6626_x22318_y13682 8501.075 6133.600 2738.300
17781_6627_x22762_y14486 8479.325 6271.925 2909.800
17781_6643_x22317_y12822 8534.101 6141.375 2513.450
17781_6802_x8324_y14113 8631.575 2183.325 2838.550
17781_6866_x8954_y41812 8493.600 2210.100 9420.125
17781_6881_x22248_y12698 8835.649 6083.750 2482.875
17781_7132_x8998_y15272 9072.400 2340.025 3156.625
17781_7281_x18241_y11406 9394.825 4908.475 2308.850
17782_3138_x32805_y18352 3466.200 4394.750 2901.575
17782_3253_x33739_y18314 3600.575 4395.075 2688.050
17782_3284_x11909_y16428 3403.575 4096.625 8425.476
17782_3352_x11384_y16404 3475.825 4120.525 8556.325
17782_3487_x11014_y17041 3620.300 4300.300 8637.075
17782_3651_x35286_y18512 4092.550 4531.000 2396.450
17782_3672_x34784_y19432 4077.250 4806.925 2504.600
17786_00001 2070.275 4919.050 6915.375
17786_00017 2080.125 5050.900 6820.925
17786_00022 1947.925 4388.075 4373.700
17786_00024 2176.000 4276.225 4401.350
17787_00007 6375.850 3650.475 9226.024
17787_00013 4650.775 3773.200 7207.625
17787_00014 4598.275 4123.450 7655.325
17787_00019 4759.800 3802.475 2491.700
17787_00026 6228.175 4490.750 9534.649
17787_00029 6176.650 4991.125 9469.851
17787_00048 4552.100 4836.400 2559.050
17787_00049 4777.200 4875.075 2291.275
17787_00050 4743.525 5092.850 2545.275
17787_4521_x5172_y12873 5230.050 4588.625 9968.801
17787_4690_x4440_y9176 5233.650 3254.400 10266.975
17787_7070_x12739_y1410 8416.050 324.525 7290.650
17788_3709_x6000_y8213 4027.925 2966.275 9154.475
17788_4719_x3512_y9492 5321.025 3395.725 9888.075
17788_5059_x3960_y6601 5620.675 2447.750 9794.600
17788_5767_x16636_y3662 6519.800 1188.450 5802.800
18047_00047 2371.375 3434.050 5211.975
18047_2622_x11862_y12983 2554.100 4502.575 5786.875
18047_3132_x24052_y12385 3380.300 1120.675 6029.000
18047_4141_x14168_y9063 5208.375 4264.425 7163.750
18047_4458_x18853_y10785 5470.400 2966.925 6459.150
18047_5719_x25513_y7957 6753.275 1346.300 7634.625
18047_7769_x31046_y13195 9889.025 615.850 5819.725
182724_2238_x7096_y20268 2166.200 3167.200 7522.899
182724_2247_x6785_y11803 2504.875 3006.125 3741.050
182724_2333_x7081_y21185 2248.850 3109.200 7974.100
182724_2383_x9300_y17890 2682.450 4332.400 6441.050
182724_2494_x6419_y20983 2430.700 2702.275 7882.450
182724_2525_x8483_y21088 2624.700 3845.050 7952.700
182724_2526_x7529_y21792 2509.050 3306.825 8290.825
182724_2670_x5615_y13225 2943.275 2243.850 4410.875
182724_2926_x5279_y13761 3233.300 1976.825 4644.225
182724_2997_x5821_y12613 3452.375 2251.750 4175.525
182724_3848_x8903_y23965 4172.425 3848.775 9448.375
182724_3887_x5901_y10339 4682.275 2161.800 3300.675
182724_4327_x4847_y18972 4718.475 1467.250 7037.850
182724_4472_x5247_y12162 5280.375 1658.375 4164.200
182724_4580_x5627_y9427 5515.750 1911.350 2979.250
182724_4599_x8181_y6776 5700.700 3419.225 1773.500
182724_4785_x5002_y11122 5660.200 1478.625 3727.900
182724_5355_x5321_y20589 5984.950 1629.475 7885.275
182724_5410_x4393_y11075 6365.075 1114.550 3732.125
182724_5651_x9832_y25682 6295.225 4116.075 10295.175
182724_5793_x8695_y5510 7180.950 3583.300 1384.850
182724_5937_x3804_y11955 6958.550 811.325 4146.800
182725_2241_x9113_y11193 2478.025 2944.600 3427.575
182725_2376_x10033_y10786 2706.675 3362.125 3179.575
182725_2390_x8944_y12077 2666.000 2968.225 3885.700
182725_2581_x9375_y21137 2612.000 4291.550 7779.450
182725_2917_x9391_y22263 3030.150 4355.825 8333.000
182725_3680_x13452_y7614 4606.775 4679.750 1802.600
182725_3762_x5563_y19178 4243.325 2000.175 7317.850
182725_4080_x6576_y11407 4861.125 1394.100 4423.525
182725_4160_x5717_y19181 4841.575 2106.950 7322.425
182725_4290_x5671_y18488 4976.800 1939.100 7056.275
182725_4390_x5078_y18459 4992.300 1574.975 7090.725
182725_5012_x5980_y10427 6067.575 1034.250 4196.950
182725_5094_x5532_y11642 6068.200 965.900 4710.875
182725_6819_x6109_y7853 8776.875 1112.275 3083.975
182725_7341_x4593_y22594 8777.225 2010.925 9578.150
18452_3926_x14445_y21337 4136.525 7319.575 7224.726
18452_4002_x10332_y17479 4640.825 5647.650 8546.350
18452_4126_x15225_y20986 4442.475 7218.025 6891.500
18452_4272_x26686_y20064 4623.725 6839.250 3057.425
18452_4536_x11274_y21067 5135.125 7166.200 8222.400
18452_5511_x26566_y3403 6369.725 796.275 3254.275
18452_7249_x11408_y2071 9653.850 616.975 7781.175
18453_1641_x24165_y10580 2112.425 4142.225 7925.525
18453_1643_x24077_y11694 2163.300 3718.100 7845.100
18453_1674_x14446_y9719 1926.950 4619.550 4444.400
18453_1924_x22284_y8069 2458.850 5104.150 7248.250
18453_2190_x23739_y8507 2959.025 4925.650 7676.575
18453_2400_x15836_y7243 3063.150 5552.125 5026.825
18453_2428_x13810_y8197 3144.375 5239.275 4325.400
18453_2632_x11687_y8383 3317.775 5261.075 3509.225
18453_2645_x28684_y11703 3598.650 3637.125 9244.226
18453_2713_x27713_y9899 3744.900 4316.575 8864.975
18453_2884_x12998_y7285 3811.625 5649.750 4116.675
18453_2991_x13607_y7348 4031.575 5606.750 4395.400
18453_3021_x27493_y8943 4209.900 4659.000 8652.250
18453_3147_x16721_y20510 4005.350 231.525 4865.175
18453_3186_x12745_y7108 4247.200 5740.800 4073.150
18453_3218_x16785_y20581 4099.675 208.300 4880.925
18453_3225_x17398_y19713 4191.925 569.625 5118.125
18453_3316_x8214_y11076 4100.725 4458.900 2167.075
18453_3326_x29413_y10076 4581.825 4190.625 9228.675
18453_3350_x8925_y9653 4219.675 4977.350 2482.225
18453_3456_x24161_y6646 4676.325 5614.025 7557.875
18453_3471_x28224_y8289 4797.100 4884.050 8750.725
18453_3492_x29357_y9198 4786.825 4522.150 9152.700
18453_3516_x21006_y6048 4534.350 5959.125 6658.500
18453_3564_x30226_y9677 4839.400 4326.125 9458.725
18453_3579_x30397_y10103 4861.675 4161.800 9513.375
18453_3678_x8938_y8684 4637.600 5384.050 2514.575
18453_3690_x8282_y9898 4638.200 4952.500 2263.475
18453_3704_x10450_y7387 4793.500 5796.225 3168.975
18453_3766_x16118_y20931 4828.525 143.325 4644.450
18453_3767_x22604_y5643 4902.625 6085.375 7128.950
18453_3795_x13584_y5960 4881.700 6271.700 4249.475
18453_3796_x16246_y20830 4881.100 190.150 4691.325
18453_3810_x16082_y20891 4892.000 169.125 4635.900
18453_3841_x9500_y7920 4909.250 5673.275 2790.400
18453_3848_x19057_y7025 4953.550 5751.325 5986.475
18453_3935_x22928_y21885 5228.850 -306.775 6726.625
18453_3945_x11262_y6434 5067.550 6154.675 3460.350
18453_4067_x16924_y5288 5095.875 6520.675 5273.975
18453_4186_x30783_y11697 5783.250 3602.875 9417.075
18453_4221_x16935_y5165 5282.850 6595.200 5280.675
18453_4231_x30739_y8470 5695.875 4805.475 9460.875
18453_4283_x7543_y12923 5387.425 3858.950 2072.800
18453_4283_x7739_y13735 5417.600 3513.500 2143.250
18453_4345_x12044_y5189 5423.225 6674.975 3587.450
18453_4386_x31552_y9254 5896.775 4507.600 9730.550
18453_4403_x30609_y7732 5919.325 5098.425 9418.575
18453_4496_x31014_y8304 6026.575 4887.075 9530.200
18453_4497_x29287_y7176 6036.825 5374.200 8943.075
18453_4540_x32498_y9442 6057.925 4420.325 10091.400
18453_4693_x33039_y11636 6277.325 3584.375 10239.000
18453_4711_x14090_y3943 5775.525 7197.750 4195.200
18453_4725_x30684_y6703 6297.825 5527.050 9513.175
18453_4749_x31789_y8895 6362.625 4673.175 9774.900
18453_4899_x10111_y5917 6085.125 6523.850 2961.650
18453_5033_x32118_y8975 6722.525 4663.675 9874.575
18453_5113_x9557_y5782 6301.275 6618.150 2729.275
18453_5228_x9833_y5221 6405.025 6831.675 2789.900
18453_5308_x10321_y5166 6504.475 6842.350 2960.700
18453_5317_x24548_y3717 6891.400 7037.475 7641.350
18453_5318_x33682_y14092 7182.300 2772.975 10385.225
18453_5325_x32314_y8395 7083.875 4916.450 9966.225
18453_5343_x23330_y3366 6897.300 7246.700 7269.875
18453_5436_x32746_y12751 7348.600 3349.150 9997.500
18453_5459_x9646_y5477 6674.900 6755.925 2718.550
18453_5535_x29214_y5045 7236.650 6316.650 9084.950
18453_5578_x32997_y13060 7546.700 3253.500 10077.575
18453_5667_x25695_y3103 7338.075 7238.725 8045.925
18453_5766_x31719_y6139 7590.400 5843.575 9877.300
18453_5841_x19468_y3419 7524.150 7459.325 5976.500
18453_5862_x33046_y12305 7926.225 3598.225 10101.750
18453_5941_x24629_y3152 7697.575 7306.950 7659.150
18453_5995_x24812_y3143 7774.625 7299.825 7717.125
18453_6040_x24821_y3042 7845.325 7342.375 7723.525
18453_6053_x8032_y5933 7347.550 6697.700 2062.325
18453_6181_x10238_y3690 7507.800 7461.025 2788.225
18453_6229_x34471_y10482 8348.426 4203.275 10700.325
18453_6316_x30559_y4743 8255.250 6468.700 9533.925
18453_6477_x30376_y5078 8470.425 6359.300 9422.676
18453_6479_x9010_y4330 7855.125 7260.500 2326.275
18453_6500_x34303_y12884 8788.900 3397.050 10566.550
18453_6537_x8725_y4484 7926.650 7208.200 2216.825
18453_6561_x9442_y3817 7983.000 7440.775 2451.650
18453_6576_x22528_y4353 8642.524 6976.700 6884.825
18453_6604_x9161_y4006 8032.425 7375.725 2347.125
18453_6675_x10576_y3102 8172.175 7697.775 2832.025
18453_6675_x8876_y4461 8104.625 7207.750 2238.775
18453_6708_x6437_y7833 8085.900 6041.450 1357.075
18453_6746_x8555_y4741 8192.250 7107.475 2112.650
18453_6748_x28152_y3578 8826.551 7024.700 8731.125
18453_6756_x7677_y5336 7439.025 6646.275 8900.025
18453_6846_x11548_y2831 8456.375 7787.000 3169.450
18453_7007_x11486_y3611 8691.875 7471.375 3127.725
18453_7010_x8769_y4509 8552.125 7177.425 2123.725
18453_7024_x9012_y4138 8589.975 7319.500 2213.850
18453_7112_x9089_y4667 8716.400 7079.700 2221.900
18453_7132_x11495_y3152 8848.750 7672.650 3119.125
18453_7132_x31679_y7308 9430.101 5485.825 9621.476
18453_7146_x8788_y4552 8753.125 7143.200 2108.775
18453_7188_x11060_y3637 8916.375 7478.875 2948.550
18453_7223_x30215_y5120 9523.950 6350.550 9256.425
18453_7245_x12979_y2864 9073.600 7777.300 3660.925
18453_7304_x11719_y3749 9107.675 7427.851 3194.675
18453_7309_x5442_y9199 8821.275 5536.725 938.850
18453_7455_x32866_y9412 9973.550 4755.875 9971.650
18453_7692_x10145_y15241 9716.175 3363.625 2824.825
18453_7813_x5799_y12199 9624.425 4476.950 1173.300
18454_00002 6150.700 3405.400 8646.150
18454_00003 4836.250 3821.800 8781.550
18454_00004 4879.875 3841.775 8799.775
18454_00008 4439.400 3263.875 8063.475
18454_00009 4531.150 2894.000 7374.375
18454_00010 4548.575 3110.250 7202.825
18454_00011 4337.275 3388.675 7992.775
18454_00014 4448.975 3635.175 8485.275
18454_00015 4913.525 3793.675 8522.375
18454_00016 3701.275 4043.525 7785.900
18454_00017 3371.750 4031.825 7592.975
18454_00018 4184.425 3564.500 7640.325
18454_00020 4406.725 3604.000 7811.025
18454_00021 4914.825 3607.225 7715.600
18454_00022 4200.975 4017.875 7504.825
18454_00024 5716.250 2864.700 7709.250
18454_00027 5237.675 3504.250 7656.275
18454_00028 3268.325 3952.700 7084.725
18454_00029 3839.450 4026.675 8317.450
18454_00039 4408.100 4296.000 7902.225
18454_00046 6602.875 3900.650 7483.351
18454_00048 6655.825 4112.050 7073.625
18454_00049 3547.675 4527.700 6990.875
18454_00050 6002.175 4274.825 5706.775
18454_00051 6533.625 4345.600 6859.150
18454_00052 6755.775 4312.750 6952.101
18454_00053 6021.925 4261.650 5808.175
18454_00054 6591.575 4786.375 6141.850
18454_00055 6266.925 4886.175 5919.600
18454_00056 6234.200 4775.100 5813.750
18454_00057 6483.525 4745.450 5772.800
18454_00058 6474.325 4805.025 5736.675
18454_00059 7602.875 3112.950 7927.125
18454_00060 6917.225 3372.850 7815.775
18454_00061 7000.625 3381.400 7791.600
18454_00062 7798.075 3682.625 7849.700
18454_00063 8229.125 3550.225 7845.125
18454_00064 6838.725 3554.125 7583.775
18454_00065 6678.075 3650.125 7201.500
18454_00066 6795.325 3944.150 7334.101
18454_00067 7495.375 3634.200 7678.825
18454_00068 6821.150 4256.425 7874.500
18454_00069 8368.900 3835.300 7994.675
18454_00070 7194.475 4072.025 7364.300
18454_00071 6847.075 4201.700 7185.675
18454_00072 7055.350 4106.150 7113.425
18454_00073 7557.375 4103.650 7352.500
18454_00074 6782.200 3805.900 5886.200
18454_00075 7027.075 4395.025 6667.675
18454_00080 4511.750 3113.000 4328.175
18454_00086 4600.300 3496.375 3659.250
18454_00090 3883.275 4302.950 3236.525
18454_00092 5025.650 3403.325 3754.000
18454_00093 5373.850 3442.475 3253.875
18454_00095 6042.225 4267.350 5491.450
18454_00096 5954.275 4250.225 5327.275
18454_00097 6119.225 4177.900 5344.725
18454_00098 6023.550 4165.075 5182.650
18454_00099 6277.850 4666.300 5182.600
18454_00100 6413.550 4661.100 5154.800
18454_00101 6384.825 4685.375 5135.200
18454_00105 6636.150 4242.575 3922.700
18454_00106 6567.726 4526.350 4000.450
18454_00107 6591.600 4644.250 4090.050
18454_00109 6653.525 4495.275 3701.625
18454_00111 4366.300 4174.500 2661.025
18454_00126 7272.225 3280.400 3663.050
18454_00127 7010.450 3481.925 3752.125
18454_00128 7001.400 3438.300 3576.475
18454_00129 7370.500 3390.425 3317.375
18454_00130 6675.800 3843.850 5266.700
18454_00131 7037.800 4624.625 4539.675
18454_00132 7324.225 4578.375 4462.675
18454_00133 6869.475 3809.325 3822.500
18454_00134 6952.200 3989.700 3688.175
18454_00135 6817.275 4280.750 4075.225
18454_00136 7071.625 4269.425 4237.050
18454_00137 6786.525 4075.025 3875.400
18454_00138 7095.300 4065.175 3890.500
18454_00139 7236.375 4027.700 3706.500
18454_00140 7047.925 4256.275 3897.825
18454_00141 7358.425 4295.425 3898.925
18454_00142 7587.625 4091.950 3666.575
18454_00143 7726.050 4188.175 3835.625
18454_00144 8033.950 4155.675 3659.250
18454_00145 6957.025 4192.050 3534.825
18454_00146 7172.075 4256.525 3534.600
18454_00147 7399.075 4233.550 3462.075
18454_00148 6786.550 4357.775 3404.425
18454_00149 7926.425 3824.200 3499.200
18454_00150 8115.351 3775.250 3443.625
18454_00151 7908.625 4036.800 3596.150
18454_00152 8064.475 4109.700 3421.800
18454_00153 7022.275 4354.450 4148.775
18454_00154 6810.850 4554.925 4207.600
18454_00155 6934.900 4514.925 4186.750
18454_00156 7307.400 4462.500 4062.375
18454_00157 7029.425 4458.000 3795.275
18454_00158 6770.500 4570.200 3954.725
18454_00159 7107.025 4654.850 3788.225
18454_00160 7055.000 4858.625 4316.000
18454_00161 7104.125 4791.300 4392.225
18454_00162 6858.175 4436.250 3704.525
18454_00163 6734.275 4459.225 3561.850
18454_00164 7038.125 4528.875 3746.500
18454_00165 7089.550 4332.250 3713.075
18454_00166 6752.450 4747.900 3720.150
18454_00167 6861.476 4743.850 3594.350
18454_00168 6775.650 4776.675 3643.475
18454_00169 6681.800 4934.475 3751.050
18454_00170 8677.500 3988.125 3154.825
18454_00171 8432.225 4178.850 3272.175
18454_00174 4918.475 5324.700 9040.676
18454_00176 6530.650 4925.625 6010.075
18454_00177 6502.950 4996.925 5949.125
18454_01000 6607.850 3641.800 7992.225
18454_01001 6681.550 3923.500 7703.250
18454_01004 6479.600 3824.025 7580.475
18454_01005 6616.575 3842.725 7641.750
18454_01006 6712.100 4258.775 8021.950
18454_01007 6630.325 4384.375 7897.625
18454_01009 6679.650 4023.950 7636.850
18454_01010 6664.550 3973.225 7552.525
18454_01011 6717.650 4090.825 7620.950
18454_01012 6541.775 4126.400 7565.225
18454_01013 6685.775 4082.225 7284.350
18454_01014 6564.375 4201.000 7199.525
18454_01015 6638.375 4341.200 7429.175
18454_01018 6747.500 4386.450 7115.800
18454_01021 7025.274 2682.575 7698.400
18454_01022 6785.200 3223.900 7804.250
18454_01023 6944.975 3629.200 8056.200
18454_01027 7248.600 3412.150 7906.975
18454_01030 6964.601 3820.350 8130.925
18454_01031 7022.375 3786.300 8139.850
18454_01032 7074.625 3924.950 8148.725
18454_01033 7015.175 3920.125 8089.075
18454_01034 7237.300 3687.100 8128.750
18454_01035 7106.625 3800.875 8076.250
18454_01038 6733.925 3750.150 7961.825
18454_01039 6992.525 3726.850 7926.325
18454_01040 6707.600 3754.050 7825.950
18454_01041 6913.275 3667.625 7862.850
18454_01042 6917.675 3767.500 7868.550
18454_01043 6874.775 3713.925 7709.875
18454_01044 6864.500 3876.325 7906.550
18454_01045 6922.375 3812.725 8017.600
18454_01047 6950.300 3836.800 7763.425
18454_01048 7205.850 3772.775 7850.125
18454_01049 7247.225 3844.700 7822.675
18454_01050 7759.525 3549.300 8374.475
18454_01051 6663.400 3673.225 7681.125
18454_01052 6693.275 3722.500 7453.850
18454_01053 6853.925 3663.450 7526.925
18454_01054 7078.675 3717.325 7624.275
18454_01055 6955.976 3939.975 8020.625
18454_01056 6722.200 4069.200 7722.125
18454_01059 6795.600 4038.150 7595.100
18454_01060 7095.250 3963.850 7559.300
18454_01061 7029.400 3999.525 7589.125
18454_01062 6741.925 4076.625 7404.450
18454_01063 6966.575 3977.550 7497.625
18454_01064 6950.325 4225.325 7453.375
18454_01066 6901.400 4364.150 7189.975
18454_01067 7049.750 4256.800 7107.000
18454_01069 6880.000 4471.550 7317.726
18454_01072 7058.100 4497.775 7189.850
18454_01073 7225.675 4431.300 7088.700
18454_01074 7245.650 4360.850 7224.025
18454_01075 6991.400 4350.325 6894.250
18454_01078 5347.800 3749.625 3463.650
18454_01079 7027.475 3559.400 3704.700
18454_01080 7005.700 3654.775 3674.425
18454_01081 7223.175 3667.250 3640.850
18454_01082 6936.900 3691.950 3638.325
18454_01085 7172.825 3693.900 3570.575
18454_01086 7076.425 3727.525 3459.025
18454_01089 7350.125 3750.900 3311.625
18454_01090 6903.850 3777.800 3281.950
18454_01091 7014.800 3621.050 3274.375
18454_01092 7455.250 3637.200 3396.350
18454_01093 7527.400 3680.575 3402.200
18454_01094 6966.950 3871.650 3750.075
18454_01095 7108.525 3778.050 3676.000
18454_01096 7242.575 3846.125 3644.450
18454_01097 7158.225 3869.400 3650.525
18454_01098 6984.375 3842.875 3665.225
18454_01099 6762.875 3977.975 3552.150
18454_01100 6771.650 3992.600 3485.775
18454_01101 6966.825 3947.825 3485.200
18454_01103 7034.600 3856.875 3571.000
18454_01104 7337.175 3791.875 3530.000
18454_01105 7166.375 3877.150 3452.450
18454_01106 7080.900 3901.175 3392.625
18454_01107 7325.825 3905.700 3598.475
18454_01108 7336.900 4005.650 3476.575
18454_01109 6833.850 3890.950 3273.175
18454_01110 6982.125 3949.850 3247.675
18454_01111 6894.150 3980.150 3288.650
18454_01112 7051.150 3825.950 3262.400
18454_01113 7346.825 3808.900 3271.875
18454_01114 7233.675 3911.300 3265.025
18454_01115 7022.850 3941.400 3346.900
18454_01116 7018.050 3991.100 3218.225
18454_01117 7281.450 3993.625 3248.275
18454_01118 7106.650 4049.900 3158.875
18454_01119 6992.125 4029.250 3613.625
18454_01120 6691.800 4128.200 3531.475
18454_01121 6666.450 4133.625 3478.425
18454_01122 6871.400 4225.650 3581.450
18454_01123 7204.625 4110.775 3192.550
18454_01124 7050.700 4175.100 3231.225
18454_01125 7462.525 3804.275 3422.725
18454_01126 7416.825 3772.400 3355.300
18454_01127 7401.850 3835.950 3291.300
18454_01130 6695.900 4588.225 7583.125
18454_01131 6219.875 4931.450 6048.000
18454_01132 6976.575 4546.425 7712.325
18454_01133 7078.575 4493.025 7679.500
18454_01134 6917.475 4657.550 7576.725
18455_00002 6644.425 3566.725 8953.725
18455_00004 4667.975 3117.475 7119.250
18455_00005 4506.100 3322.600 7990.125
18455_00007 4443.250 3413.375 8045.075
18455_00008 4926.875 3399.100 8027.575
18455_00009 4927.750 3485.225 8203.375
18455_00011 4617.125 3676.600 7943.250
18455_00012 3994.100 3559.100 7873.325
18455_00013 4341.650 3610.925 7601.725
18455_00014 5164.775 3584.475 7513.500
18455_00015 6573.950 3525.775 7577.500
18455_00016 3978.475 3196.275 7165.050
18455_00017 8060.925 3420.250 8007.500
18455_00018 7286.125 2977.425 7786.250
18455_00019 6692.475 3641.550 8027.525
18455_00020 6919.075 3655.550 7959.850
18455_00021 6936.275 3659.450 7929.625
18455_00022 6786.950 3589.350 7629.500
18455_00023 6734.625 3443.950 7081.325
18455_00026 5347.875 2712.750 3597.725
18455_00028 5066.675 2904.600 3150.700
18455_00030 3729.725 3617.475 3866.250
18455_00031 4826.500 3258.975 3605.500
18455_00032 5047.475 3291.750 3433.550
18455_00033 4475.850 3291.925 3022.225
18455_00036 4555.725 3707.200 3161.650
18455_00037 4865.100 3642.450 2637.725
18455_00040 5886.000 3090.350 3050.800
18455_00041 6511.975 3516.950 2294.450
18455_00042 7208.625 3035.125 3412.125
18455_00043 7757.875 3147.300 3132.725
18455_00044 7786.150 3135.025 3374.550
18455_00045 7821.125 3314.725 3338.225
18455_00046 7698.125 3455.325 3014.975
18455_00047 6997.450 3559.775 3716.600
18455_00048 7438.700 3614.125 3745.050
18455_00049 7078.775 3749.075 3273.200
18455_00050 8241.649 3540.250 3357.450
18455_00106 4503.425 3720.300 8396.125
18455_00110 4436.725 4146.050 8784.675
18455_00119 5389.650 4191.750 8469.450
18455_00120 6624.050 3862.750 7955.650
18455_00121 6571.950 3922.625 7896.275
18455_00122 6596.225 3761.200 7525.750
18455_00123 6532.925 3771.025 7281.575
18455_00124 6360.625 4096.200 7235.125
18455_00125 6599.825 4615.125 7466.950
18455_00126 5897.325 4241.625 5578.700
18455_00127 5986.425 4492.650 5590.700
18455_00132 6245.925 4864.150 5992.825
18455_00133 6431.200 4863.300 5873.000
18455_00134 6376.175 4804.000 5763.825
18455_00135 6856.475 4310.675 9269.650
18455_00136 6933.775 3788.275 7960.200
18455_00137 6683.600 3875.550 7939.000
18455_00138 6976.300 3756.125 8069.900
18455_00139 6732.725 3963.900 7859.750
18455_00140 6645.225 3731.200 7854.100
18455_00142 6827.275 3867.425 7632.625
18455_00143 7042.675 3786.650 7756.375
18455_00144 7090.850 3855.575 7617.625
18455_00145 6717.000 4181.975 7666.025
18455_00146 6740.575 4109.625 7517.726
18455_00147 6642.625 4156.850 7526.625
18455_00148 6668.925 4133.550 7433.600
18455_00150 6938.275 4456.700 7102.625
18455_00152 6774.150 4499.600 7749.625
18455_00153 6730.650 4540.075 7611.000
18455_00154 6844.000 4508.675 7299.225
18455_00158 7315.100 4272.575 6930.125
18455_00159 6839.150 4485.575 6910.100
18455_00163 6606.175 3804.400 5269.100
18455_00165 5965.300 4221.575 5413.150
18455_00172 4771.075 4162.900 4124.825
18455_00180 3879.975 4354.275 2868.825
18455_00181 3800.375 4531.850 3066.125
18455_00182 4790.450 4264.450 2858.525
18455_00199 6762.525 3970.450 4298.775
18455_00200 6604.700 4053.350 3906.250
18455_00201 6686.975 4030.250 3945.075
18455_00202 6584.875 3837.000 3865.050
18455_00203 6678.399 3893.400 3815.125
18455_00204 6794.475 3774.625 3397.125
18455_00205 6600.675 3798.800 3427.250
18455_00206 6796.375 3997.075 3434.400
18455_00208 6569.774 4217.075 3948.775
18455_00210 6640.375 4539.000 4122.450
18455_00220 5320.850 5098.425 2689.600
18455_00224 4922.575 4330.750 2309.550
18455_00240 5540.275 3948.425 2629.400
18455_00252 7082.475 3774.550 4032.200
18455_00253 7174.726 3835.350 4045.050
18455_00254 6950.250 3719.250 3845.675
18455_00255 7094.425 3669.325 3892.000
18455_00256 7487.226 4087.550 4005.275
18455_00257 7717.125 4028.875 3930.025
18455_00258 7005.825 3800.725 3491.800
18455_00259 7085.575 3765.600 3474.725
18455_00260 7198.900 3787.525 3425.425
18455_00261 7161.675 3868.600 3444.175
18455_00262 6904.250 3965.200 3287.625
18455_00263 6944.975 4209.400 4268.925
18455_00264 6896.300 4644.450 4115.650
18455_3718_x10944_y12140 4599.000 3878.750 8466.075
18455_4619_x10185_y12182 5855.250 3928.850 8634.726
18455_4709_x21225_y13716 5874.675 4279.875 5350.200
18455_4982_x21552_y14337 6168.550 4581.750 5274.850
18455_5253_x25617_y13881 6569.675 4355.200 4172.175
18455_5316_x26308_y13288 6671.375 4137.500 3989.475
18455_5404_x24949_y14106 6749.625 4508.700 4383.700
18455_5472_x13482_y11733 6649.950 3694.475 7618.250
18455_5474_x14981_y13279 6666.400 4229.200 7139.875
18455_5507_x14812_y14221 6717.900 4566.475 7202.500
18455_5517_x15391_y12702 6714.500 3994.075 7012.500
18455_5730_x15780_y13638 6993.700 4360.825 6925.450
18455_5898_x14920_y13352 7164.825 4273.650 7203.100
18457_00001 4230.850 3238.650 7629.400
18457_00002 4967.500 2912.025 7495.750
18457_00003 5060.850 3064.525 7405.200
18457_00004 3185.075 3750.350 7513.600
18457_00005 3339.875 4011.425 7513.325
18457_00006 4656.525 3889.550 7397.350
18457_00007 4026.950 3686.025 7280.450
18457_00008 4028.150 3877.750 7370.425
18457_00009 6543.800 3199.450 7728.850
18457_00010 6658.825 3669.750 7821.625
18457_00012 6715.075 3816.900 7906.875
18457_00013 6591.900 3748.200 7788.600
18457_00014 3722.800 3673.950 7039.800
18457_00015 3552.875 3907.325 7092.100
18457_00017 7128.500 3529.775 8065.800
18457_00018 6989.250 3443.050 7907.650
18457_00019 7262.625 3334.750 7970.875
18457_00023 7124.275 3610.400 7894.150
18457_00024 7196.325 3645.750 8030.875
18457_00025 7198.425 3528.750 7984.025
18457_00026 6826.725 3444.850 7783.075
18457_00027 7000.500 3419.550 7815.625
18457_00028 7092.625 3526.550 7536.000
18457_00029 6803.850 3701.400 7364.550
18457_00030 4503.975 3211.050 4091.875
18457_00031 4386.775 3198.600 4337.950
18457_00032 3999.850 3164.075 3915.850
18457_00033 3923.225 3142.375 3659.450
18457_00034 3670.525 3507.875 3403.200
18457_00035 3081.875 3739.000 3897.425
18457_00036 3264.975 3576.350 3714.625
18457_00037 3740.800 3805.700 4154.475
18457_00038 4640.075 3785.275 4440.450
18457_00039 3982.125 4068.000 3720.175
18457_00040 3749.250 3966.150 3521.600
18457_00041 5006.075 3244.950 4111.775
18457_00043 5089.425 3396.300 3633.800
18457_00044 5161.400 3450.750 3715.150
18457_00045 6675.950 3745.350 3712.050
18457_00046 6643.825 3696.750 3625.000
18457_00047 6639.675 3718.550 3485.975
18457_00048 6600.450 3815.225 3264.150
18457_00049 6847.425 3471.800 3777.025
18457_00051 7103.225 3609.375 3719.475
18457_00052 6756.175 3724.925 3806.825
18457_00053 6735.825 3765.450 3836.950
18457_00054 7045.050 3692.550 3842.850
18457_00055 6874.350 3410.775 3626.975
18457_00056 6884.175 3481.800 3584.675
18457_00057 6943.850 3481.975 3623.950
18457_00058 6864.425 3577.625 3464.700
18457_00059 7033.450 3604.600 3337.300
18457_00061 7254.550 3433.775 3449.350
18457_00062 7271.025 3536.475 3385.750
18457_00063 7037.226 3550.000 3281.625
18457_00064 6822.875 3596.525 3645.600
18457_00065 6907.274 3726.075 3352.150
18457_00066 7009.450 3660.875 3392.750
18457_00068 6774.925 3804.900 3462.575
18457_00069 7341.025 3828.050 3384.950
18457_00072 6891.200 3849.875 3333.975
18457_00073 7153.975 3792.675 3334.050
18457_00074 7842.400 3660.600 3326.800
18457_00075 7799.200 3812.075 3228.325
18457_00076 5241.300 4778.550 9006.075
18457_00077 5615.450 4894.100 8686.975
18457_00078 5468.550 5077.850 8650.051
18457_00079 5543.275 5240.425 8924.875
18457_00080 6188.450 5294.500 8934.375
18457_00081 2015.175 4337.550 7130.950
18457_00082 3990.750 4429.250 7575.825
18457_00083 6542.350 3865.800 7821.750
18457_00087 5183.525 4425.275 7105.675
18457_00088 6617.050 3781.550 7515.850
18457_00089 6760.275 3991.975 7798.600
18457_00090 6717.625 3974.425 7468.425
18457_00091 6555.226 3921.800 7426.450
18457_00095 6482.750 4169.125 7678.575
18457_00096 6690.975 4031.125 7647.400
18457_00097 6674.750 4237.650 7739.950
18457_00098 6556.025 4209.825 7456.425
18457_00099 6439.150 4302.075 7568.850
18457_00101 6448.125 4140.850 7276.175
18457_00102 6727.825 4454.200 7854.450
18457_00103 3674.200 4154.175 7172.175
18457_00106 3834.200 4624.375 7181.375
18457_00108 3518.800 5022.625 6821.750
18457_00109 6831.000 4209.950 7035.875
18457_00110 6216.100 4390.650 6740.475
18457_00111 6096.500 4655.175 6904.375
18457_00112 6672.250 4652.625 6582.925
18457_00113 4963.725 5372.075 8734.375
18457_00114 5766.550 5062.500 8447.750
18457_00115 3684.375 5370.250 6377.825
18457_00116 4604.750 6529.025 7872.149
18457_00117 7152.375 3935.675 8123.300
18457_00118 6866.400 3895.825 7856.000
18457_00119 6927.375 3880.550 7888.775
18457_00120 6781.600 4051.650 8121.475
18457_00121 7131.800 3954.225 8103.125
18457_00122 6998.950 4048.850 8099.125
18457_00123 7222.625 4107.475 8192.000
18457_00125 6819.800 4201.425 8058.450
18457_00126 6983.050 4072.025 7945.150
18457_00127 7996.601 3998.775 8182.150
18457_00128 6875.300 3767.800 7508.325
18457_00129 6803.275 3845.700 7636.525
18457_00133 3151.325 5103.050 4553.500
18457_00135 6339.275 4462.525 4932.725
18457_00136 6693.225 4963.550 4802.250
18457_00139 4638.775 4470.525 2983.625
18457_00140 3780.450 4715.950 3969.125
18457_00141 3529.100 4697.550 3054.250
18457_00142 3932.650 4684.800 3451.650
18457_00143 6538.425 3862.225 3775.200
18457_00144 6447.350 4165.575 3860.275
18457_00145 6742.425 4264.200 3807.825
18457_00146 6547.075 3967.875 3579.300
18457_00148 6611.275 3948.825 3394.975
18457_00150 6683.075 4077.800 3517.450
18457_00152 6514.700 4181.625 3677.875
18457_00159 6573.925 4381.350 3988.675
18457_00162 6673.400 4348.900 3625.625
18457_00163 6727.250 4408.375 3592.100
18457_00164 6757.274 4359.525 3448.425
18457_00170 3339.100 5352.825 4598.400
18457_00184 4420.850 7371.775 3960.750
18457_00188 7107.300 4788.650 4600.825
18457_00190 6779.475 3907.125 3420.950
18457_00194 6980.625 4004.450 3331.925
18457_00197 6998.725 4087.525 3320.725
18457_00199 7299.950 4041.425 3218.425
18457_00202 6950.650 4166.425 3287.825
18457_00203 6862.500 4178.200 3156.325
18457_00204 6910.450 4438.775 4129.650
18457_00205 6968.050 4599.925 3744.100
18457_00206 6949.050 4392.500 3351.675
18457_00209 6809.950 4026.325 5380.750
18457_00241 7828.875 3401.250 7856.400
18458_00048 6807.400 2813.600 7621.575
18458_00049 7364.375 2951.900 8071.800
18458_00050 7330.850 2959.075 8054.250
18458_00051 7531.400 2910.025 7924.375
18458_00053 7178.350 2849.550 7753.450
18458_00056 7644.725 3139.575 8215.650
18458_00057 7599.375 3159.775 8220.851
18458_00069 7916.925 3406.825 8282.175
18458_00075 6915.025 3072.550 7424.750
18458_00077 6662.875 3345.000 7579.400
18458_00083 7841.800 3165.375 8194.175
18458_00086 7631.975 3223.650 7818.075
18458_00101 7851.450 3458.600 8310.000
18458_00102 7943.025 3456.275 8328.750
18458_00114 6602.775 3830.550 7854.550
18458_00119 7014.850 3830.550 7745.775
18458_00121 6729.050 3883.300 7264.125
18458_00122 6974.975 3730.725 7683.575
18458_00125 7195.150 3632.800 7887.125
18458_00148 6827.625 3109.000 7090.899
18458_00150 6936.500 3364.675 7168.925
18458_00185 6427.475 3794.675 3778.775
18458_00236 7104.675 3103.100 3068.875
18458_00239 7246.025 3187.400 3422.250
18458_00241 7121.850 3192.100 2965.700
18458_00242 7303.325 3247.400 3058.200
18458_00244 7257.100 3353.050 2843.650
18458_00249 7480.200 3095.225 3009.600
18458_00250 8018.850 3151.675 3262.400
18458_00264 7850.550 3280.800 2971.475
18458_00267 8174.750 3252.475 3274.100
18458_00268 7038.825 3697.225 3669.575
18458_00269 7144.875 3708.575 3687.975
18458_00273 6928.175 3750.275 3613.875
18458_00277 7248.450 3655.625 3559.925
18458_00280 7243.625 3668.800 3460.625
18458_00281 7171.500 3775.850 3327.950
18458_00302 7986.175 3389.525 2958.925
18458_00306 7492.600 3712.225 3298.000
18458_00351 5284.150 4596.850 8644.175
18458_00353 5086.825 4930.825 8257.500
18458_00374 6387.850 4935.050 6861.500
18458_00375 6249.175 4643.400 6220.200
18458_00376 6308.925 4779.150 5990.875
18458_00386 4929.900 5215.475 8691.899
18458_00419 6659.800 4116.750 8024.900
18458_00424 6796.325 3997.600 7798.625
18458_00430 6904.225 3973.500 7308.825
18458_00437 6541.775 4390.825 7630.250
18458_00443 6592.050 4282.025 7477.725
18458_00444 6658.725 4302.050 7566.550
18458_00445 6790.300 4243.175 7381.725
18458_00450 7843.400 4069.275 7935.300
18458_00456 6546.800 4524.200 7403.100
18458_00458 8300.225 4051.850 8141.525
18458_00459 8159.075 4186.075 8122.775
18458_00460 6641.500 4057.875 7172.525
18458_00461 6577.200 4390.100 7182.100
18458_00468 6699.475 4746.875 6463.750
18458_00488 4540.425 4924.525 3122.900
18458_00492 6635.375 3906.425 3599.975
18458_00496 6681.300 4685.275 3762.075
18458_00500 4405.925 5295.575 4467.800
18458_00502 3484.350 6915.600 4889.025
18458_00505 6593.025 5205.625 4446.350
18458_00540 6792.200 3976.025 3828.500
18458_00541 7029.725 3913.375 3840.125
18458_00542 6828.025 3943.500 3680.625
18458_00547 7025.125 4079.475 3863.075
18458_00548 6898.100 4267.075 3877.925
18458_00549 7030.125 4289.475 3817.050
18458_00550 7211.175 4067.525 3878.025
18458_00551 7211.300 4130.050 3718.725
18458_00555 6822.825 4006.225 3280.050
18458_00561 7477.101 4005.025 3456.925
18458_00562 7444.300 4061.100 3348.725
18458_00564 6764.350 4132.775 3387.625
18458_00565 7046.500 4247.075 3339.975
18458_00567 7125.525 4170.625 3474.200
18458_00574 7558.575 4305.975 3417.950
18458_00575 6858.300 4411.550 4138.750
18458_00577 6811.200 4483.000 3818.175
18458_00578 6704.300 4527.650 3808.800
18458_00580 6947.575 4612.000 3920.350
18458_00583 7176.000 4382.075 3275.850
18458_00584 7060.000 4568.975 3498.425
18458_00585 6666.225 5096.650 4363.700
18458_00586 6980.500 4894.175 3839.300
18458_00612 7753.750 2969.225 7553.050
18458_00614 7084.775 2834.850 3702.000
18458_00615 7067.300 2949.600 3899.575
18458_00616 6502.000 4868.350 4988.775
18461_2985_x10744_y3095 2834.325 1701.450 7031.600
18461_3220_x7596_y9465 3462.975 5295.675 8540.899
18461_3871_x7813_y3857 4005.175 2036.850 8444.226
18461_4178_x16825_y2713 4640.850 1186.075 4492.175
18461_4233_x19011_y2874 4781.750 1268.000 3505.050
18461_4388_x5599_y5781 4718.475 3115.650 9520.550
18461_4410_x23856_y6531 5338.425 3442.150 1146.850
18461_4545_x5749_y4914 4858.300 2601.925 9463.825
18461_4862_x17603_y2198 5513.225 791.525 4265.575
18461_5025_x23630_y4542 6014.500 2272.000 1301.025
18461_6043_x11080_y1667 6901.450 364.275 6945.200
18461_7132_x6338_y3287 8371.750 1370.850 9202.101
18462_00005 5052.400 3331.700 7388.375
18462_00007 4922.700 3721.125 6820.475
18462_00009 5336.100 2845.100 7534.225
18462_00012 7038.125 3755.675 7758.500
18462_00013 7163.550 3781.700 7974.750
18462_00014 7316.100 3742.250 8079.675
18462_00015 7428.000 3866.400 8050.475
18462_00016 6984.325 4132.500 7762.050
18462_00017 7336.000 3879.575 7746.825
18462_00018 7275.625 4050.225 7796.425
18462_00019 7425.725 4069.300 7529.100
18462_00020 7629.750 3678.250 8116.649
18462_00021 7523.025 3745.100 8116.575
18462_00022 7791.550 3836.675 8182.700
18462_00023 8152.125 4185.750 7670.175
18462_00024 8496.775 3678.975 8435.025
18462_00025 8501.899 3754.575 8153.525
18462_00026 8672.775 4049.875 7959.175
18462_00027 6973.150 4322.600 8031.325
18462_00028 7242.775 4613.200 7615.025
18462_00029 7724.225 4711.925 7472.400
18462_00030 7733.975 4636.500 7248.075
18462_00031 7580.825 4728.775 6819.825
18462_00032 7838.325 4713.025 6934.649
18462_00035 5196.250 3215.350 4034.825
18462_00038 6358.475 3090.075 3224.200
18462_00040 7116.150 3788.800 3578.125
18462_00041 7207.725 3881.825 3608.925
18462_00042 7092.850 3861.450 3474.625
18462_00043 3728.125 3641.475 4007.350
18462_00044 7228.950 4339.075 4158.075
18462_00045 7004.650 4219.050 3811.750
18462_00048 4700.500 4312.775 2579.275
18462_00049 4561.425 4369.025 2670.000
18462_00050 4952.875 3991.275 2916.525
18462_00051 7153.125 4054.425 3662.825
18462_00052 7213.875 4212.850 3622.775
18462_00053 7136.400 4340.125 3336.625
18462_00054 7965.225 3019.075 3254.175
18462_00055 7700.800 3470.125 3513.900
18462_00056 7910.250 3574.225 3422.225
18462_00057 7603.125 3785.050 3220.875
18462_00058 7828.750 3816.825 3227.375
18462_00059 7867.600 3770.050 3493.625
18462_00060 8343.875 4080.075 3669.575
18462_00061 8228.625 4026.925 3633.550
18462_00062 7423.900 4738.750 3684.475
18462_00063 7363.350 4843.300 3625.725
18463_00001 7876.024 3272.250 3391.425
18463_00003 7238.825 4424.175 4141.625
18463_00004 5961.900 2770.175 7896.850
18463_00005 4942.825 3505.925 7752.675
18463_00007 5588.800 3281.200 7812.650
18463_00010 5249.750 2840.550 7146.375
18463_00011 4229.800 3453.975 7274.425
18463_00012 7486.350 3803.575 8068.476
18463_00013 7144.950 3662.750 7850.875
18463_00014 7497.825 3773.900 8019.600
18463_00015 7476.450 3248.750 8075.525
18463_00016 7530.425 3215.175 7824.850
18463_00018 7815.000 3650.425 3006.200
18463_00019 4948.800 4149.175 8649.500
18463_00020 5014.625 4323.925 8510.250
18463_00021 4725.025 4473.600 8633.475
18463_00024 4162.175 4669.800 8403.650
18463_00027 7184.575 4023.600 7795.125
18463_00028 7446.125 4148.700 7847.025
18463_00029 7575.150 4141.850 7589.075
18463_00031 6915.600 4122.450 7571.475
18463_00032 8357.025 4084.250 8071.575
18463_00034 6947.300 4521.000 7853.800
18463_00036 7240.300 4835.575 7557.925
18463_00037 7172.950 3868.875 7503.725
18463_00038 7213.075 4332.650 7408.475
18463_00039 6981.524 4767.325 7308.025
18463_00040 7326.275 4515.025 7323.150
18463_00041 7557.675 4509.675 7326.350
18463_00042 6170.075 4762.225 5502.450
18463_00045 6702.600 4191.625 3785.050
18463_00046 6476.700 4917.000 5216.300
18463_00047 6592.675 5139.875 5247.025
18463_00051 5730.975 4779.075 1829.300
18463_00052 7492.125 3589.725 4335.700
18463_00054 6871.500 4573.950 4172.925
18463_00055 7071.200 3571.775 4075.575
18463_00056 6951.850 3660.950 3459.500
18463_00057 7551.800 3680.350 3363.975
18463_00058 7449.125 3744.925 3379.000
18463_00061 7799.175 3811.075 3710.050
18463_00062 8400.675 3676.875 3447.475
18463_00066 6994.250 3999.800 3872.625
18463_00067 7214.025 4154.900 3836.925
18463_00068 7263.775 4371.175 4160.125
18463_00069 6959.975 4020.275 3641.825
18463_00071 7240.725 4412.625 3587.125
18463_00072 8572.650 4022.300 3431.500
18463_00073 7233.925 4788.750 3634.675
18463_00074 7420.851 4242.850 1510.500
18463_00075 6967.425 4537.400 1802.950
18464_00004 6096.400 3726.800 9063.350
18464_00009 4108.600 3328.475 7557.500
18464_00010 4699.000 3561.300 7499.700
18464_00016 4758.650 3580.075 6784.900
18464_00029 8782.600 3791.525 8259.825
18464_00031 7783.975 3097.225 7801.600
18464_00042 7015.625 3895.050 7777.400
18464_00044 6912.600 3820.250 7557.100
18464_00045 7126.700 3808.125 7516.350
18464_00046 7072.450 3961.925 7383.125
18464_00047 7288.900 3657.625 7866.250
18464_00048 7466.300 3829.050 7874.325
18464_00049 7315.675 3761.950 7738.425
18464_00052 7390.899 3908.750 7868.325
18464_00061 5575.750 3732.575 4206.325
18464_00074 7185.500 3373.175 3942.375
18464_00075 7011.225 3748.050 3910.950
18464_00076 7191.150 3847.575 3928.700
18464_00079 8178.700 3737.800 3508.050
18464_00080 8039.550 3945.725 3564.575
18464_00081 4574.125 4302.575 8417.225
18464_00082 4605.125 5115.525 8767.601
18464_00085 4972.850 4699.425 8845.450
18464_00086 5225.025 5161.525 8203.450
18464_00088 5267.900 5512.900 8690.625
18464_00102 6358.225 4641.975 6973.025
18464_00108 4634.800 5907.375 7956.800
18464_00112 4353.325 6746.700 7357.050
18464_00119 7181.050 4106.325 7436.400
18464_00122 7190.425 4402.800 7758.625
18464_00124 6645.700 4211.750 7491.325
18464_00127 6875.500 4285.350 7330.300
18464_00128 6805.600 4366.025 7330.075
18464_00129 7037.200 4286.200 7535.600
18464_00132 7834.375 4255.675 7377.475
18464_00133 7198.050 4634.125 7676.275
18464_00139 6688.725 4825.975 4889.850
18464_00141 4698.150 4656.375 2831.725
18464_00143 6787.825 4129.200 3911.725
18464_00153 5415.325 5450.950 3319.675
18464_00155 4969.175 5854.825 3874.100
18464_00163 5356.425 5030.950 2526.225
18464_00169 5253.675 5337.275 2396.025
18464_00183 6939.800 4048.775 3645.500
18464_00184 7184.375 4177.600 3746.575
18464_00191 9095.875 3508.875 8276.274
18464_00192 6902.425 3031.700 7142.625
18464_00193 8405.700 3133.725 7843.675
18464_00194 9023.000 3419.675 8125.350
18464_00196 7129.025 2925.950 4217.525
18464_00197 7049.850 2960.925 4094.625
18464_00198 7310.875 3012.175 3846.500
18465_00001 6524.825 3435.650 8927.425
18465_00003 4335.950 4226.275 8570.200
18465_00005 5053.575 3791.275 8621.675
18465_00006 6663.775 3778.250 9053.025
18465_00007 6318.225 3480.575 8503.125
18465_00008 6625.500 3532.600 8763.150
18465_00009 6370.900 3546.225 8408.800
18465_00011 6419.774 3986.350 8880.350
18465_00015 5976.000 4475.375 8799.150
18465_00017 6361.725 4142.525 9035.350
18465_00018 6231.950 4266.475 8957.625
18465_00028 4969.775 2969.550 7269.275
18465_00029 5713.725 3000.525 7749.075
18465_00030 5651.175 3379.675 8424.050
18465_00031 5482.625 3377.825 7576.650
18465_00032 3955.825 3463.275 7072.525
18465_00033 3993.725 3356.750 6772.000
18465_00034 3781.450 3928.250 7854.700
18465_00035 3720.825 3805.625 7114.975
18465_00036 5038.175 3626.450 7450.875
18465_00037 4784.425 3869.250 7633.375
18465_00039 5237.800 3945.725 7263.100
18465_00040 5160.575 3572.500 8101.825
18465_00041 5500.475 3514.800 7987.300
18465_00044 5825.250 4000.775 8107.625
18465_00045 6337.675 3969.325 8314.399
18465_00046 5420.700 4145.925 7505.150
18465_00047 6498.875 3892.925 7207.425
18465_00048 6523.475 4174.400 7291.225
18465_00050 4560.325 3608.500 6882.250
18465_00052 8362.899 3902.450 9667.300
18465_00053 8350.200 3897.600 9580.650
18465_00054 7012.925 2492.450 7344.725
18465_00056 6898.775 3514.150 7668.300
18465_00057 7180.700 3616.475 7831.550
18465_00058 7011.525 3686.550 7739.375
18465_00059 7363.250 3650.650 7767.250
18465_00070 6942.625 3363.350 7421.675
18465_00078 7015.575 4203.050 7800.575
18465_00079 7059.975 4138.625 7622.925
18465_00080 7148.075 4132.875 7646.425
18465_00081 7127.650 4263.200 7940.351
18465_00082 7199.375 4294.150 7878.500
18465_00083 7301.050 4186.450 7682.900
18465_00084 7439.475 4326.600 7784.101
18465_00089 7094.400 4029.375 7396.225
18465_00090 6880.325 4120.375 7442.200
18465_00091 6807.150 4157.400 7226.500
18465_00092 7073.075 4129.125 7214.250
18465_00106 6870.050 4001.325 3457.775
18465_00109 7131.875 3486.075 3323.425
18465_00110 7074.300 3534.750 3346.325
18465_00111 7166.649 3411.900 3308.275
18465_00112 7273.250 3404.575 3315.850
18465_00113 7448.550 3367.875 3358.200
18465_00114 7318.375 3488.825 3372.250
18465_00115 7305.350 3522.450 3284.100
18465_00116 7320.650 3610.050 3169.275
18465_00117 7426.000 3520.875 3208.325
18465_00119 7974.775 3361.600 3390.450
18465_00125 7171.125 3924.000 3880.100
18465_00126 7286.900 3857.250 3237.250
18465_00127 7134.550 3865.500 3658.950
18465_00128 6977.475 3946.275 3637.575
18465_00132 7612.050 4063.500 3581.750
18465_00133 7287.150 3934.575 3352.150
18465_00136 7714.900 3655.300 3319.575
18465_00140 8135.399 3707.875 3125.600
18465_00141 7635.850 3822.575 3184.500
18465_00142 7641.400 3905.725 3329.350
18465_00145 9085.476 3783.975 3180.750
18465_00146 9106.450 3825.550 3159.700
18465_00148 7520.825 3619.950 3016.300
18465_00152 9080.250 3924.325 3145.375
18465_00154 4896.950 5042.400 8839.875
18465_00155 6180.025 4898.475 9200.775
18465_00156 5375.475 4583.850 8915.300
18465_00157 5315.850 4806.925 8816.101
18465_00159 5713.200 4990.275 9221.325
18465_00161 5419.550 5507.275 8846.824
18465_00168 3703.850 5641.750 7582.975
18465_00175 6620.625 4660.850 7092.575
18465_00177 6669.825 4936.600 7309.875
18465_00199 4254.600 6397.325 7123.850
18465_00203 3349.950 6005.475 6281.375
18465_00204 3299.375 6182.325 6575.950
18465_00205 3923.225 6105.025 6454.875
18465_00206 4369.650 5736.900 6977.225
18465_00207 4111.150 5840.250 6473.325
18465_00209 3153.200 6599.775 6799.900
18465_00213 4348.675 6726.875 7396.025
18465_00219 6805.775 4576.925 9342.176
18465_00226 7308.125 4571.050 8070.150
18465_00227 7009.575 4346.975 7915.075
18465_00228 6885.175 4402.425 7776.400
18465_00229 7429.200 4448.500 7885.775
18465_00230 7209.800 4370.875 7742.850
18465_00233 7205.825 4517.175 7887.900
18465_00234 7542.575 4583.575 7909.475
18465_00235 6859.000 4730.725 7778.175
18465_00238 7475.375 4725.125 7854.775
18465_00241 6774.726 4218.400 7362.525
18465_00242 7083.750 4821.200 7526.325
18465_00243 6983.875 4587.275 7138.825
18465_00245 6918.725 5273.225 6862.900
18465_00246 6977.175 6041.875 8201.101
18465_00248 8815.976 5451.300 8052.225
18465_00258 6472.825 4925.025 5069.450
18465_00261 6712.000 5015.575 4458.975
18465_00264 5077.200 5067.275 3017.200
18465_00281 6071.675 4705.750 1609.350
18465_00282 5473.275 5212.275 2564.475
18465_00283 5647.250 5341.025 2323.850
18465_00285 6848.100 6078.475 2678.900
18465_00286 7007.025 4024.875 3845.000
18465_00287 6940.850 4224.975 4004.525
18465_00288 7042.075 4188.800 4026.600
18465_00291 7835.275 4412.100 4033.450
18465_00292 7400.975 4118.150 3618.775
18465_00294 7011.275 4496.925 3673.325
18465_00300 7960.675 4390.800 3393.875
18465_00302 8237.625 4364.500 3451.125
18465_00303 7713.300 4427.525 3756.425
18465_00304 6947.425 4880.300 4159.575
18465_00305 7042.550 4817.100 3684.850
18465_00309 6955.600 6158.475 2820.950
18465_00312 9144.425 3860.450 3200.975
18465_00313 6874.900 3294.650 4442.525
18465_00319 5423.350 4115.450 3728.525
18465_00328 6873.475 3806.125 3305.475
18465_00347 7277.851 4209.900 3220.200
18465_00348 7440.225 4359.425 3113.650
18465_00349 6997.000 4298.800 1703.650
18470_3227_x19287_y16117 4841.975 2437.300 8424.025
18470_3582_x22459_y29708 5546.775 960.550 5106.375
18470_4630_x23468_y24795 6918.476 645.200 6430.400
18864_00002 6291.300 2107.825 1754.100
18864_00015 6246.775 1578.150 2532.875
18864_00021 5237.700 1610.650 3144.175
18864_00023 5845.225 1408.750 2843.250
18864_00025 6000.250 1184.000 3156.250
18864_00026 3357.725 4301.975 2687.150
18864_00029 4673.850 4376.850 1772.550
18864_00040 4518.550 3573.400 1848.525
18864_00043 4393.800 4137.875 1803.150
18864_00057 2772.075 3547.600 5548.075
18864_00114 7397.475 1189.600 3090.875
18864_00117 8755.725 1531.975 2024.050
18864_00119 9279.950 1353.800 2446.275
18864_00313 6298.300 3782.550 9775.375
18864_1871_x3272_y21319 2187.375 2563.450 7209.150
18864_1917_x3417_y12763 2273.625 2523.275 4321.450
18864_2047_x3016_y12128 2389.700 2288.200 4089.900
18864_2086_x2903_y21496 2454.600 2313.575 7296.200
18864_2520_x2913_y22642 3065.725 2118.750 7707.475
18864_3015_x3194_y23588 3832.425 2012.900 8004.500
18864_3248_x2473_y15212 3855.750 1359.550 5170.350
18864_3338_x3396_y21865 4242.500 1843.950 7279.650
18864_3473_x2641_y21082 4185.550 1452.900 7027.075
18864_3488_x3691_y22599 4483.825 1913.550 7506.300
18864_3494_x2380_y13749 4101.525 1173.850 4744.575
18864_3772_x5344_y6871 4804.725 2416.700 2575.775
18864_4067_x3464_y21495 4995.725 1513.450 7066.375
18864_4120_x3320_y13563 4885.875 1316.125 4793.350
18864_4157_x3358_y13741 4925.425 1320.200 4846.025
18864_4267_x2794_y21031 4999.200 1122.025 6924.375
18864_4380_x6371_y4940 5530.775 2579.200 1983.525
18864_4420_x4377_y8261 5384.050 1688.400 3283.200
18864_4429_x7945_y3080 5647.850 3152.250 1319.000
18864_4554_x9386_y2232 5844.950 3606.450 1096.750
18864_4693_x10912_y2095 6088.175 4116.025 1187.425
18864_4760_x3070_y21249 5589.425 1024.900 6961.750
18864_4797_x9453_y2359 6109.325 3496.450 1189.325
18864_5030_x9347_y31359 6684.800 3424.025 10305.774
18864_5099_x6368_y29941 6698.375 2466.475 9979.425
18864_5242_x9483_y31549 6926.150 3381.925 10366.150
18864_5305_x7877_y31450 6926.925 2867.175 10440.200
18864_5444_x7352_y31475 7049.350 2647.900 10476.000
18864_5637_x5637_y31619 8425.351 760.025 2883.625
18864_5648_x4839_y28849 7107.025 1549.825 9521.500
18864_5692_x8806_y3272 7114.975 2909.375 1508.325
18864_6057_x8520_y2391 7632.175 2750.075 1030.750
18864_6074_x3503_y13192 7231.950 719.250 4677.000
18864_6104_x9372_y1806 7794.575 3059.450 863.600
18864_6139_x4843_y27122 7678.750 1296.225 8859.575
18864_6291_x8873_y32149 8162.600 2831.850 10604.625
18864_6321_x4387_y7047 7617.950 905.250 2782.400
18864_6384_x3409_y13059 7606.275 557.325 4582.825
18864_6581_x10729_y2199 8570.875 3465.600 1023.225
18864_6733_x9057_y31875 8788.825 2812.700 10480.325
18864_6734_x4899_y27447 8352.250 1075.425 8896.700
18864_6805_x6340_y4681 8379.050 1568.175 1859.125
18864_6821_x5144_y6844 8303.850 1035.450 2686.875
18864_6956_x8154_y30811 9009.575 2466.600 10140.950
18867_2903_x13633_y8787 3449.775 2887.525 7735.425
18867_3383_x10177_y11497 4105.775 3808.500 9009.050
18867_3469_x10058_y10954 4236.975 3592.950 9023.275
18867_3525_x9958_y10743 4340.075 3507.250 9054.600
18867_3758_x14594_y6944 4667.275 1972.850 7325.075
18867_3801_x9223_y10977 4659.500 3572.500 9305.774
18867_3807_x9130_y11820 4677.275 3889.550 9346.074
18867_3832_x10338_y8748 4744.675 2714.025 8851.325
18867_3855_x11412_y8044 4793.300 2419.775 8481.726
18867_3926_x8710_y12751 4818.250 4216.225 9496.150
18867_3973_x31634_y12362 4990.350 4143.475 1896.925
18867_3994_x27846_y7437 5093.150 2174.850 3199.150
18867_4052_x9852_y8712 5003.625 2687.325 9016.426
18867_4156_x9348_y9148 5131.900 2850.125 9187.875
18867_4202_x26848_y7080 5335.950 2023.750 3534.150
18867_4216_x9933_y8365 5207.100 2539.050 8968.325
18867_4218_x8269_y11914 5170.175 3883.175 9616.426
18867_4259_x9977_y8313 5266.800 2520.950 8941.275
18867_4296_x31171_y9797 5489.900 3122.925 2080.800
18867_4302_x30805_y9233 5527.775 2899.350 2209.750
18867_4330_x29413_y7746 5517.775 2285.575 2682.200
18867_4336_x10280_y7972 5351.425 2385.475 8824.726
18867_4392_x7633_y13301 5352.750 4371.250 9853.750
18867_4397_x8352_y9768 5394.050 3076.375 9522.800
18867_4421_x31775_y9812 5602.650 3129.275 1869.875
18867_4457_x7592_y10554 5421.550 3374.600 9795.825
18867_4473_x25161_y6054 5515.275 1606.025 4050.525
18867_4513_x27588_y6824 5670.800 1932.725 3298.250
18867_4533_x14227_y15937 5850.700 5282.700 7627.775
18867_4554_x26130_y14869 5936.025 4916.400 3965.200
18867_4593_x26568_y15120 6002.000 5025.425 3827.675
18867_4605_x30309_y8068 5877.375 2428.675 2393.525
18867_4621_x24147_y14734 5897.525 4829.950 4575.425
18867_4647_x12409_y6656 5636.050 1879.050 8103.750
18867_4677_x24410_y14710 5977.325 4802.475 4492.575
18867_4689_x11723_y7039 5696.375 2018.850 8318.550
18867_4724_x12558_y16835 6051.575 5579.400 8184.325
18867_4768_x26326_y6150 5859.675 1697.450 3704.675
18867_4776_x28359_y6621 5969.450 1873.150 3040.850
18867_4789_x23709_y15765 6093.300 5261.625 4718.275
18867_4801_x7068_y12938 5820.625 4220.075 9995.075
18867_4817_x16327_y15739 6060.175 5182.675 6952.450
18867_4824_x31628_y8902 6143.500 2770.600 1940.250
18867_4826_x11914_y16564 6169.750 5466.025 8377.050
18867_4831_x27808_y6496 5998.500 1826.750 3225.100
18867_4874_x16831_y16618 6126.525 5567.900 6816.600
18867_4889_x28329_y6770 6105.775 1960.100 3065.225
18867_4922_x30354_y7405 6229.400 2179.500 2379.975
18867_4926_x25796_y14504 6297.650 4672.975 4068.700
18867_4954_x9860_y7599 6018.825 2244.200 8933.925
18867_4957_x30093_y7560 6277.350 2256.225 2472.200
18867_4984_x30860_y8156 6331.800 2486.800 2215.900
18867_5082_x26232_y14941 6488.875 4876.000 3931.575
18867_5083_x14145_y15212 6409.125 4919.625 7606.850
18867_5169_x12576_y5864 6116.350 1608.775 8085.525
18867_5194_x29530_y6807 6488.825 2014.925 2662.675
18867_5203_x10027_y7237 6274.025 2125.975 8870.175
18867_5287_x32054_y8614 6701.600 2690.775 1805.750
18867_5319_x14289_y4114 6325.950 794.900 7508.675
18867_5408_x30554_y7318 6781.825 2244.075 2323.150
18867_5486_x20836_y5690 6643.675 1528.600 5374.550
18867_5640_x21236_y5683 6832.800 1582.650 5264.250
18867_5654_x12080_y5724 6616.300 1654.375 8263.726
18867_5665_x20882_y6561 6902.550 1963.025 5395.100
18867_5867_x21009_y6208 7131.700 1824.850 5356.300
18867_5894_x10157_y6463 6997.550 1932.075 8885.275
18867_5942_x29015_y5711 7277.900 1721.300 2881.625
18867_6003_x18592_y6204 7317.150 1836.775 6061.775
18867_6007_x18415_y4843 7249.250 1109.375 6125.500
18867_6014_x17935_y4434 7244.125 922.850 6269.425
18867_6085_x20833_y6331 7403.025 1859.825 5429.950
18867_6091_x30186_y6043 7512.800 1846.300 2488.575
18867_6408_x9343_y6158 7636.550 1820.925 9179.375
18867_6413_x20950_y6015 7774.200 1652.700 5403.800
18867_6452_x16339_y18318 7993.050 6168.350 6955.575
18867_6468_x21532_y7741 7846.400 2211.000 5278.775
18867_6985_x12525_y4095 8395.175 980.900 8091.300
18867_6986_x31479_y5932 8662.950 1791.875 2048.100
18867_7123_x11808_y5131 8576.274 1499.025 8320.750
18867_7172_x22280_y4802 8684.450 1030.550 4996.350
18867_7390_x9887_y4961 8948.625 1368.275 9117.800
18867_7541_x13210_y4462 9160.800 1130.000 7886.375
18867_7583_x22567_y18119 9560.949 6156.775 5012.975
18867_7584_x10560_y5816 9199.500 1810.175 8765.375
18867_7790_x21511_y18480 9803.275 6278.750 5347.075
18867_7924_x22262_y16755 9966.649 5598.200 5121.125
18867_8235_x25208_y14610 10307.175 4898.675 4196.900
18868_2225_x15897_y10006 2288.175 3248.800 6320.125
18868_2559_x15436_y13207 2878.125 4366.925 6465.750
18868_2584_x14386_y13639 2880.575 4533.925 6810.200
18868_2593_x15801_y13755 2912.475 4575.625 6351.700
18868_2601_x23273_y17306 2841.550 5848.275 3900.400
18868_2621_x11765_y8944 2801.625 2798.725 7699.275
18868_2924_x10668_y9719 3245.225 3067.050 8045.900
18868_3009_x28076_y11485 3532.600 3599.750 2432.650
18868_3112_x27714_y10534 3737.275 3265.350 2598.900
18868_3207_x27726_y9448 3888.950 2840.525 2629.650
18868_3228_x28576_y10788 3898.225 3336.900 2316.550
18868_3389_x28317_y9872 4171.450 3011.875 2457.375
18868_3419_x27168_y8481 4246.600 2486.025 2873.600
18868_3453_x28753_y10380 4251.625 3190.150 2319.575
18868_3488_x24952_y7321 4404.700 2034.875 3630.625
18868_3507_x7704_y10476 3952.050 3278.700 8974.825
18868_3547_x28065_y9077 4434.150 2726.350 2581.325
18868_3552_x28542_y9340 4420.300 2808.100 2414.575
18868_3564_x27379_y8431 4471.225 2475.150 2829.925
18868_3592_x9776_y8113 4259.225 2359.475 8227.324
18868_3626_x29809_y12585 4460.500 3996.675 1919.900
18868_3627_x28035_y8749 4542.350 2594.000 2615.025
18868_3658_x9598_y8113 4354.900 2363.575 8274.125
18868_3699_x17279_y16010 4660.975 5323.150 5889.900
18868_3715_x8453_y8977 4359.950 2707.250 8663.125
18868_3781_x6715_y11703 4300.225 3730.475 9288.025
18868_3783_x28846_y9268 4769.575 2799.500 2358.900
18868_3799_x26336_y7466 4861.125 2091.325 3225.600
18868_3799_x6462_y13405 4266.475 4347.750 9400.476
18868_3853_x29683_y10294 4841.475 3171.500 2057.950
18868_3856_x26025_y7205 4942.275 1972.600 3333.800
18868_3871_x26350_y7564 4965.050 2142.975 3236.725
18868_3875_x8707_y8341 4622.825 2437.900 8549.025
18868_3922_x26631_y7518 5042.775 2118.700 3143.050
18868_3931_x26823_y7496 5030.825 2096.025 3082.825
18868_3932_x25373_y7132 5059.825 1951.125 3566.950
18868_3977_x25824_y7160 5099.925 1965.200 3417.775
18868_3981_x30626_y12403 4964.775 3929.400 1680.775
18868_4041_x10632_y7193 4992.500 1946.100 7874.800
18868_4047_x27203_y7787 5208.600 2236.650 2983.775
18868_4132_x11881_y6094 5159.650 1697.625 7476.150
18868_4192_x10967_y7007 5228.850 1845.700 7759.200
18868_4221_x5685_y12199 4884.775 3912.700 9616.101
18868_4317_x23980_y6346 5550.350 1572.425 4040.500
18868_4341_x30419_y10114 5524.800 3126.000 1881.925
18868_4430_x9829_y7185 5499.950 1918.700 8110.750
18868_4434_x10947_y6887 5536.500 1778.575 7756.500
18868_4464_x5477_y11004 5239.000 3451.775 9658.950
18868_4517_x31548_y11591 5690.375 3632.450 1434.625
18868_4523_x15124_y15767 5753.050 5284.925 6542.000
18868_4549_x5910_y9879 5402.675 3012.800 9490.300
18868_4634_x13823_y16687 5797.850 5593.975 6972.100
18868_4648_x14941_y16268 5857.075 5471.725 6614.925
18868_4693_x13797_y16937 5844.175 5688.125 6986.975
18868_4706_x15828_y16760 5888.500 5670.100 6356.325
18868_4739_x28536_y7468 6123.100 2098.725 2616.300
18868_4757_x15158_y16995 5924.850 5748.775 6565.250
18868_4803_x7002_y8311 5853.450 2394.125 9069.774
18868_4818_x14513_y17030 5989.000 5755.075 6766.925
18868_4863_x31402_y10126 6186.550 3123.375 1556.275
18868_4883_x27078_y6285 6304.450 1555.500 3097.675
18868_5131_x7596_y7239 6306.850 1920.025 8859.875
18868_5141_x8535_y6876 6357.100 1757.925 8531.301
18868_5156_x9540_y6495 6394.900 1586.275 8207.100
18868_5242_x9858_y5968 6527.950 1354.175 8096.725
18868_5369_x19532_y5532 6864.250 1109.175 5375.025
18868_5397_x19819_y6085 6929.775 1422.350 5292.500
18868_5456_x7773_y6771 6740.125 1709.625 8814.025
18868_5531_x7356_y7030 6831.850 1827.900 8974.199
18868_5686_x9887_y5415 7105.775 1164.925 8108.775
18868_5701_x9538_y5736 7108.525 1300.975 8232.775
18868_5723_x7031_y7203 7071.601 1911.350 9114.524
18868_5724_x8616_y5999 7100.825 1407.650 8538.649
18868_5965_x17541_y6435 7648.575 1706.500 5933.600
18868_5983_x17523_y5085 7668.600 980.575 5953.800
18868_6000_x19811_y5444 7725.825 1171.475 5322.175
18868_6019_x9541_y5296 7528.975 1175.475 8238.350
18868_6196_x17668_y4955 7966.925 960.250 5921.100
18868_6405_x11428_y4397 8144.500 898.400 7678.425
18868_6757_x10353_y4324 8626.775 936.125 8059.850
18868_7311_x22238_y17329 9131.875 6117.325 4450.375
18869_00020 10333.850 5418.075 7885.850
18869_00024 6222.425 5146.275 4123.800
18869_00025 6105.900 4195.825 3898.900
18869_00028 6653.800 4464.700 3420.650
18869_3064_x20999_y7621 4116.200 3747.250 2474.775
18869_3239_x6605_y6691 4231.750 3545.525 8970.175
18869_3263_x6927_y6229 4285.075 3283.775 8812.000
18869_3305_x6812_y6104 4312.425 3216.300 8880.500
18869_3321_x21485_y7678 4487.050 3731.050 2273.950
18869_3395_x6415_y6741 4451.300 3565.175 9064.200
18869_3398_x6248_y7047 4407.950 3740.425 9139.051
18869_3480_x6168_y6983 4556.775 3701.875 9184.275
18869_3482_x7077_y5660 4580.475 2957.875 8756.601
18869_3504_x6554_y5961 4547.900 3120.200 9006.325
18869_3506_x6250_y6810 4596.775 3610.725 9148.225
18869_3547_x21769_y7449 4790.025 3578.975 2178.975
18869_3590_x6132_y6798 4696.525 3602.575 9209.825
18869_3634_x20027_y5437 4975.475 2455.600 3160.050
18869_3634_x5750_y7170 4709.725 3802.425 9388.750
18869_3659_x21701_y7032 4943.850 3342.000 2256.475
18869_3701_x5589_y7633 4803.750 4057.100 9468.450
18869_3701_x7703_y4993 4885.050 2550.475 8466.475
18869_3741_x6284_y6163 4895.250 3240.200 9145.900
18869_3751_x5868_y6832 4888.425 3616.150 9344.551
18869_3761_x5335_y8118 4861.025 4320.275 9590.825
18869_3857_x22137_y7268 5222.225 3438.625 2063.850
18869_3937_x5000_y8198 5055.500 4362.675 9751.875
18869_4001_x4383_y7249 4998.550 3842.200 10059.024
18869_4026_x21667_y6102 5440.900 2783.300 2390.575
18869_4036_x8032_y4635 5308.225 2319.725 8317.775
18869_4050_x21764_y6239 5488.525 2867.175 2341.525
18869_4054_x19963_y5080 5485.300 2235.600 3276.950
18869_4089_x6848_y5110 5339.725 2619.800 8880.075
18869_4091_x4807_y8065 5244.975 4291.875 9862.875
18869_4181_x21056_y5611 5698.325 2519.450 2770.600
18869_4184_x11041_y4195 5367.900 1852.725 6984.150
18869_4196_x21043_y5510 5679.550 2463.950 2763.700
18869_4253_x4991_y7023 5466.900 3720.825 9783.325
18869_4268_x10899_y9077 5591.025 4520.900 6744.350
18869_4275_x8819_y9368 5715.375 4849.100 7845.800
18869_4282_x22276_y6457 5808.975 2949.600 2135.650
18869_4301_x16815_y4413 5565.050 1788.775 4721.000
18869_4301_x20547_y5218 5835.775 2303.150 3038.925
18869_4302_x23433_y9053 5814.575 4345.075 1439.925
18869_4345_x7097_y4738 5640.600 2389.000 8770.800
18869_4347_x8166_y4281 5619.000 2092.000 8266.575
18869_4371_x21382_y5522 5922.900 2438.350 2633.025
18869_4384_x15799_y10704 5685.225 5377.300 4887.000
18869_4410_x8772_y3996 5643.800 1891.000 7991.950
18869_4414_x15653_y4273 5599.900 1640.675 5199.300
18869_4419_x16667_y10498 5731.050 5225.825 4542.625
18869_4426_x7611_y4421 5708.175 2184.950 8528.225
18869_4453_x9586_y8809 5890.150 4386.750 7250.300
18869_4457_x17404_y9449 5860.425 4581.650 4359.900
18869_4468_x23035_y7089 6054.475 3243.625 1753.825
18869_4469_x21852_y5924 6092.175 2649.650 2419.575
18869_4511_x11720_y4070 5698.675 1743.050 6727.800
18869_4520_x23555_y8194 6104.100 3844.725 1452.625
18869_4550_x17965_y4177 5873.175 1701.100 4255.975
18869_4550_x7203_y4574 5875.250 2292.450 8727.324
18869_4571_x10055_y8359 5983.350 4032.125 6987.825
18869_4587_x23021_y6827 6225.200 3084.575 1808.475
18869_4599_x7153_y3640 5731.050 1659.150 8771.675
18869_4625_x5853_y5391 5962.525 2790.975 9386.675
18869_4629_x8451_y4031 5916.525 1945.525 8151.925
18869_4662_x10221_y8547 6069.875 4098.150 6970.275
18869_4693_x19236_y9148 6292.875 4322.575 3622.600
18869_4722_x18329_y4110 6074.400 1686.125 4114.425
18869_4727_x9851_y8415 6152.200 4045.200 7124.525
18869_4764_x5211_y5995 6112.175 3135.650 9713.500
18869_4786_x18238_y10268 6330.100 5018.300 3936.000
18869_4787_x8961_y9647 6251.675 4918.175 7786.225
18869_4837_x18229_y3163 6030.100 935.775 4124.800
18869_4841_x18666_y8144 6387.325 3634.900 3896.925
18869_4848_x18620_y8132 6384.025 3620.400 3921.250
18869_4883_x18883_y4120 6285.100 1704.075 3888.575
18869_4890_x8926_y9583 6374.350 4871.450 7786.800
18869_4912_x19648_y8510 6546.750 3855.875 3448.425
18869_4953_x22613_y6076 6708.775 2670.375 2122.200
18869_4997_x13063_y4444 6310.425 1866.550 6196.800
18869_5019_x5442_y5910 6481.825 3100.600 9618.725
18869_5024_x5544_y5480 6444.350 2838.650 9570.400
18869_5033_x23046_y6158 6778.325 2684.725 1895.925
18869_5108_x7688_y4065 6475.375 1984.300 8541.675
18869_5123_x17555_y3609 6464.075 1257.400 4468.550
18869_5126_x8617_y7685 6599.775 3657.050 7877.575
18869_5150_x8933_y7652 6614.400 3581.775 7719.075
18869_5213_x7186_y4274 6628.025 2125.300 8778.500
18869_5237_x7485_y4162 6655.925 2065.825 8637.075
18869_5286_x15761_y3297 6552.875 924.700 5180.450
18869_5317_x6063_y4638 6732.425 2332.775 9340.075
18869_5343_x5414_y5337 6803.775 2757.550 9653.750
18869_5393_x8284_y3671 6755.025 1729.500 8284.175
18869_5418_x23277_y4971 7059.200 1892.175 1782.200
18869_5431_x21494_y4633 7078.800 1883.475 2701.725
18869_5444_x13271_y3998 6835.600 1542.075 6132.100
18869_5482_x15126_y4142 6940.000 1592.625 5490.350
18869_5553_x7275_y3994 6988.900 1935.925 8757.325
18869_5571_x8792_y4549 7057.875 2282.500 8016.475
18869_5684_x13521_y3699 7103.600 1312.525 6069.525
18869_5692_x6534_y3440 7039.625 1513.050 9116.675
18869_5694_x15073_y4098 7193.750 1579.400 5513.225
18869_5705_x4706_y6107 7277.450 3224.050 9995.275
18869_5754_x7159_y3959 7237.450 1912.400 8807.550
18869_5802_x13547_y4406 7334.425 1854.375 6057.175
18869_5941_x16325_y2938 7434.050 752.000 4999.925
18869_5980_x7654_y3517 7484.750 1587.025 8579.725
18869_6076_x17177_y3306 7705.150 1057.225 4660.550
18869_6241_x19347_y3562 8011.375 1297.550 3752.800
18869_6291_x15236_y3478 7949.125 1119.650 5424.350
18869_6454_x17703_y2478 8130.725 487.025 4436.725
18869_6732_x9649_y3919 8461.575 1797.875 7708.875
18869_6854_x10735_y2978 8573.700 1095.150 7253.399
18869_7121_x17742_y2862 9063.500 794.625 4393.775
18869_7358_x8916_y4859 9326.825 2427.250 8070.250
18869_7472_x16444_y11009 9718.450 5386.775 4710.250
18869_7986_x18907_y11037 10411.750 5343.575 3563.300
18869_7989_x9123_y9916 10192.726 5053.475 7933.325
191801_1996_x10466_y16907 2096.850 5341.175 6744.175
191801_3966_x14363_y10542 4618.150 7012.925 3630.075
191801_4180_x7440_y5386 4910.425 2754.200 1829.225
191801_4228_x15043_y11097 4926.950 7449.250 3817.625
191801_4724_x4226_y10240 5557.550 954.100 4333.600
191803_8254_x7045_y21580 9964.850 3474.250 8633.875
191807_2469_x5431_y10056 2499.975 3590.500 3789.875
191807_2729_x3750_y9965 2560.800 2629.675 3760.525
191807_3532_x4912_y7973 3712.300 2828.175 2874.050
191807_4114_x3589_y10280 4330.800 1856.875 3870.450
191807_4821_x3698_y18726 5456.425 1650.650 7407.850
191807_4923_x7499_y24194 6316.100 3739.325 9655.825
191807_5031_x5620_y23074 6165.275 2738.175 9256.950
191807_5062_x6404_y23808 6314.325 3114.275 9543.575
191807_5178_x5002_y23078 6163.600 2316.575 9316.450
191807_5199_x3288_y11643 5659.500 1093.400 4449.025
191807_5629_x4661_y9410 6383.550 1564.675 3458.750
191807_5811_x3931_y20674 6753.675 1359.050 8185.675
191807_5921_x4355_y21421 6972.300 1585.325 8525.250
191812_2734_x6259_y10487 3006.475 2295.550 3501.325
191812_2978_x7903_y22705 3275.925 3515.775 8876.775
191812_3140_x5204_y12992 3548.275 1577.950 4649.150
191812_3163_x6264_y21524 3564.750 2568.350 8301.075
191812_3176_x5144_y19229 3604.575 1841.575 7276.950
191812_3438_x6058_y10197 4018.675 2035.150 3486.600
191812_3494_x7001_y8336 3985.475 2573.000 2602.975
191812_3675_x8625_y6930 4163.675 3500.200 1915.875
191812_3727_x4996_y18685 4345.450 1648.900 6998.825
191812_3758_x8791_y24162 4340.475 3947.750 9438.450
191812_3762_x9097_y24261 4337.650 4105.050 9491.774
191812_3801_x5383_y20989 4431.150 1971.700 7977.925
191812_3915_x8011_y24180 4539.050 3533.925 9421.325
191812_3922_x8455_y6768 4499.325 3386.100 1871.450
191812_4003_x5886_y22658 4641.625 2313.350 8713.275
191812_4067_x7961_y6860 4702.000 3097.050 1951.775
191812_4322_x7645_y6848 5027.500 2909.225 1989.950
191812_4445_x5426_y10324 5226.425 1543.850 3636.775
191812_4446_x6677_y24393 5183.425 2745.700 9480.000
191812_4664_x8027_y25176 5480.375 3502.450 9816.625
191812_4686_x10891_y5452 5425.400 4644.825 1266.775
191812_4775_x5212_y22490 5635.225 1874.225 8602.125
191812_5154_x9610_y25921 6084.725 4342.700 10112.825
191812_5158_x9017_y25877 6072.775 4019.225 10101.226
191812_5219_x4127_y21100 6157.725 1192.350 8024.750
191812_5221_x9028_y25900 6162.700 4021.125 10105.650
191812_5411_x6011_y24641 6417.925 2344.275 9576.600
191812_5586_x4875_y23378 6631.800 1688.375 9034.575
191812_5676_x8072_y26215 6736.476 3486.500 10281.925
191812_5922_x4572_y8645 6996.000 1104.200 2866.150
191812_6084_x5026_y7787 7211.100 1376.625 2471.200
191812_6351_x5009_y7424 7539.725 1378.775 2299.375
236174_2657_x11930_y12250 3505.575 4261.350 3689.900
236174_2669_x10674_y13239 3472.850 3676.925 4081.400
236174_2801_x11376_y11451 3658.150 4072.050 3334.250
236174_3001_x12887_y24248 4137.700 3983.275 7992.050
236174_3029_x12820_y24699 4229.975 3919.825 8176.425
236174_3215_x11999_y11133 4272.775 4343.650 3282.350
236174_3229_x11884_y10380 4365.575 4337.850 2949.550
236174_3229_x11951_y11316 4352.225 4288.375 3283.875
236174_3229_x12413_y11831 4417.700 4458.225 3615.250
236174_3329_x13938_y26099 4623.150 4309.375 8890.825
236174_3429_x12632_y10625 4549.625 4605.375 3075.675
236174_3447_x12562_y10626 4515.175 4585.325 3083.200
236174_3529_x12805_y10541 4626.625 4666.650 3050.675
236174_3529_x13394_y26567 4869.150 4034.375 8977.375
236174_3529_x13688_y26111 4869.650 4175.800 8778.476
236174_3536_x15159_y25525 4857.525 4827.025 8759.900
236174_3729_x12692_y9419 4828.350 4666.775 2594.975
236174_3729_x13645_y9551 4804.375 5038.750 2634.250
236174_3729_x15151_y26698 5132.900 4769.950 9223.050
236174_3829_x13590_y9284 4914.575 5023.125 2545.700
236174_3829_x14826_y27255 5207.275 4610.075 9413.925
236174_3829_x16301_y26647 5279.850 5243.625 9358.425
236174_3893_x17507_y26071 5307.875 5730.925 9301.149
236174_3929_x12721_y8845 5003.225 4698.150 2386.725
236174_3929_x13599_y9165 4990.950 5027.925 2510.450
236174_3970_x13439_y8678 5113.825 4989.825 2334.550
236174_4029_x13079_y8858 5084.800 4834.900 2401.625
236174_4129_x16214_y10304 5297.500 5951.875 3068.925
236174_4229_x13663_y8589 5282.625 5075.600 2323.125
236174_4266_x13848_y8550 5346.500 5156.775 2318.700
236174_4429_x13147_y8003 5568.275 4894.100 2110.050
236174_4647_x16405_y27845 6130.550 5202.075 9686.975
236174_4729_x16869_y27809 6254.200 5396.925 9715.976
236174_5138_x16501_y28259 6616.500 5172.075 9794.976
236174_5338_x13590_y7348 6640.000 5106.425 1948.025
236174_5670_x14073_y29439 7183.750 3811.950 10025.600
236174_5738_x11712_y6818 7002.525 4234.200 1615.525
236174_5840_x15240_y29741 7367.150 4351.100 10208.351
236174_6338_x12092_y5845 7675.475 4417.275 1149.675
236174_6338_x12496_y6617 7730.900 4528.400 1496.650
236174_6438_x12218_y5897 7773.950 4446.950 1174.825
236174_6855_x15550_y29832 8281.500 4285.825 10211.500
236174_7077_x14579_y30892 8486.375 3752.025 10589.200
pre_17543_01053 1326.500 5700.700 3275.475
pre_17543_01090 1188.725 5925.550 7713.524
pre_17543_01139 1478.500 6080.100 2787.800
pre_17543_01171 1672.500 6181.050 8183.600
pre_17543_01241 1411.900 6474.726 2780.550
pre_17543_01274 1608.625 6594.075 8090.375
pre_17543_01276 1382.550 6635.050 2985.025
pre_17781_00066 3455.400 3953.500 3527.025
pre_18047_00009 3481.650 5169.500 5911.800
pre_182712_00003 4897.125 7400.450 7716.625
pre_182712_00004 4798.025 7381.475 7314.950
pre_182712_00027 5591.900 7162.100 3054.250
pre_18454_00305 5291.375 3002.325 3942.500
pre_18454_00376 4209.575 3574.825 3685.400
pre_18454_00377 3303.325 3868.975 3511.800
pre_18454_00450 4213.325 3522.075 3474.850
pre_18454_00579 5476.750 3379.475 3019.925
pre_18454_00865 5855.425 4313.325 2099.350
pre_18455_00109 3728.250 7087.175 5055.750
pre_18455_00241 4980.675 6849.525 4616.550
pre_18458_00150 2422.800 2470.450 8199.300
pre_18458_00348 6811.800 2101.600 4337.425
pre_18458_00351 6973.325 2058.400 4303.450
pre_18458_00354 7626.100 2103.875 4367.175
pre_18458_00356 7374.425 2092.950 4275.825
pre_18458_00357 7431.175 2236.425 4205.050
pre_18458_00360 7479.450 2221.800 4240.125
pre_18458_00367 7231.675 2326.750 4048.925
pre_18458_00369 7037.350 2333.425 4177.625
pre_18458_00373 7597.975 2463.200 3316.500
pre_18458_00374 7702.900 2585.050 3074.875
pre_18464_00077 5882.875 3812.450 8096.250
pre_18464_00086 4526.375 3891.475 7383.375
pre_18464_00087 4508.025 3940.400 6901.250
pre_18464_00099 7563.175 1873.725 7435.525
pre_18464_00102 7103.350 2351.150 6343.925
pre_18464_00103 7386.275 2395.825 6378.700
pre_18464_00138 7388.900 1997.275 3947.400
pre_18464_00159 4666.550 5566.475 8513.250
pre_18464_00163 4086.900 4705.125 6942.050
pre_18464_00168 5200.525 5097.500 6789.325
pre_18464_00169 5133.350 5216.450 6823.825
pre_18464_00180 5037.375 6641.200 8329.000
pre_18464_00182 3508.000 6473.875 6421.775
pre_18465_00102 7658.725 2297.125 7305.275
pre_18465_00267 8951.325 5002.650 8820.774
pre_18465_00268 8868.425 5183.850 8654.450
pre_18465_00366 8370.100 3175.150 8492.375
pre_18465_00367 8478.025 3031.575 8302.300
pre_18465_00368 8473.375 3085.975 8377.250
pre_18465_00369 8589.125 3138.675 8089.375
pre_18465_00370 8496.601 3144.225 8087.550
pre_18465_00371 8617.675 3073.950 8045.550
pre_18465_00373 8718.250 2929.300 8070.125
pre_18467_00104 7933.050 3386.300 10131.301
pre_18467_00342 5755.425 6827.775 7644.250
pre_18467_00495 8544.175 5993.925 2029.300
pre_18469_00001 6106.500 1165.725 3763.050
pre_18469_00002 6389.900 1194.925 3397.575
pre_18469_00086 6762.625 732.450 5274.650
pre_18864_00003 3684.750 1776.425 7652.825
pre_18864_00008 7032.400 580.325 6640.351
pre_18864_00012 5793.275 1139.475 8055.100
pre_18864_00014 5190.550 1446.425 8099.425
pre_18864_00016 5787.500 1195.525 8110.525
pre_18864_00018 5974.250 979.625 3498.025
pre_18864_00021 8079.450 489.925 7373.150
pre_18864_00025 2951.125 2204.250 3728.650
pre_18864_00026 4299.550 1930.900 8237.650
pre_18864_00027 5410.600 1401.275 8177.475
pre_18864_00036 4097.375 1723.300 3656.375
pre_18864_00038 4266.825 1648.050 3969.075
pre_18864_00039 8539.700 433.225 7113.750
pre_18864_00042 8004.800 510.500 4466.725
pre_18864_00043 4586.125 1569.050 3739.825
pre_18864_00044 4756.825 1954.950 8788.375
pre_18864_00046 7862.226 607.175 3835.900
pre_18864_00048 7648.575 667.100 3645.600
pre_18864_00051 5229.850 1643.950 8196.926
pre_18864_00059 4724.625 1633.500 4066.625
pre_18864_00060 7156.775 995.900 8448.449
pre_18864_00062 3620.975 2139.350 3333.025
pre_18864_00065 4891.650 1668.100 2911.850
pre_18864_00067 5161.750 1869.000 8407.900
pre_18864_00069 3275.125 2586.875 8308.075
pre_18864_00073 6418.375 1379.100 8972.226
pre_18864_00074 4166.900 2006.825 3430.800
pre_18864_00079 6942.450 1228.775 8442.025
pre_18864_00081 2779.600 2803.925 8328.176
pre_18864_00082 4137.500 2474.275 8761.600
pre_18864_00083 8161.925 730.500 3258.600
pre_18864_00084 5741.800 1517.400 3696.650
pre_18864_00088 8137.500 941.475 8176.475
pre_18864_00098 8645.000 793.400 3552.575
pre_18864_00108 5616.750 1882.800 2325.150
pre_18864_00111 5511.675 1992.750 1964.125
pre_18864_00113 5638.300 2306.550 9535.949
pre_18864_00114 4414.200 2852.500 9371.875
pre_18864_00147 7780.250 1572.275 1848.925
pre_18864_00153 2882.550 3540.300 8634.324
pre_18864_00163 7500.125 1875.200 1571.100
pre_18864_00174 3299.150 3643.425 2621.175
pre_18864_00180 7585.575 2215.700 1191.025
pre_18864_00225 5017.875 4438.425 1409.900
pre_18864_00247 3154.550 3294.850 2793.450
pre_18864_00286 4772.050 1416.500 3865.125
pre_18864_00411 2517.650 2062.100 6567.950
pre_18864_00413 3000.150 1786.475 6726.100
pre_18864_00414 2296.250 2348.250 6955.000
pre_18864_00420 2206.475 3134.625 6949.825
pre_18864_00424 2864.275 3273.100 8591.450
pre_18864_00426 3531.675 1533.975 6445.600
pre_18864_00427 3919.750 1566.425 6066.875
pre_18864_00432 4426.550 1795.350 8002.250
pre_18864_00442 6247.175 1709.650 9251.350
pre_18864_00457 6933.975 662.100 6856.425
pre_18864_00460 6431.475 638.800 7304.575
pre_18866_00139 8863.050 2990.900 2928.250
pre_18866_00186 8981.700 3217.100 2748.625
pre_18866_00299 8832.300 4223.075 2225.600
pre_18866_01458 8174.875 2511.775 8034.250
pre_18868_00443 3811.300 2546.475 7872.525
pre_18868_00465 3134.025 3521.775 8448.726
